##FastQC	0.10.1
>>Basic Statistics	pass
#Measure	Value	
Filename	Sample-B_Rep3.R2.fastq.gz	
File type	Conventional base calls	
Encoding	Sanger / Illumina 1.9	
Total Sequences	185442	
Filtered Sequences	0	
Sequence length	100	
%GC	49	
>>END_MODULE
>>Per base sequence quality	pass
#Base	Mean	Median	Lower Quartile	Upper Quartile	10th Percentile	90th Percentile
1	31.93392543221061	33.0	31.0	34.0	30.0	34.0
2	32.06575640901198	34.0	31.0	34.0	30.0	34.0
3	32.09258959674723	34.0	31.0	34.0	30.0	34.0
4	35.60264125710465	37.0	35.0	37.0	33.0	37.0
5	35.60118527625888	37.0	35.0	37.0	33.0	37.0
6	35.60849753561761	37.0	35.0	37.0	33.0	37.0
7	35.64967483094445	37.0	35.0	37.0	33.0	37.0
8	35.6413757401236	37.0	35.0	37.0	33.0	37.0
9	37.26890887716914	39.0	37.0	39.0	33.0	39.0
10-14	37.46025927244098	39.2	37.2	39.4	33.2	39.4
15-19	38.42665092050345	40.0	38.0	41.0	33.2	41.0
20-24	38.27649939064505	40.0	38.0	41.0	33.2	41.0
25-29	38.043867085126344	40.0	37.8	41.0	33.0	41.0
30-34	37.75891653454988	40.0	37.0	41.0	32.0	41.0
35-39	37.41473668316778	39.6	36.6	41.0	31.2	41.0
40-44	36.92213630137725	39.0	35.6	40.4	30.4	41.0
45-49	36.724446457652526	38.8	35.0	40.0	30.8	41.0
50-54	35.48764573289761	37.6	33.8	39.4	29.2	40.2
55-59	35.9770332502885	37.4	34.6	40.0	30.0	41.0
60-64	35.18777299640858	36.0	34.0	39.2	29.4	41.0
65-69	34.325586436729544	35.0	33.4	37.8	28.8	40.6
70-74	33.61544202499973	35.0	33.0	36.4	27.8	39.6
75-79	32.924636274414645	35.0	33.0	35.4	26.8	38.4
80-84	32.26672921991782	35.0	32.0	35.0	25.8	36.6
85-89	31.6824840111733	34.6	32.0	35.0	25.0	36.0
90-94	31.101149685615987	34.0	31.0	35.0	23.8	35.2
95-99	30.434042989182604	34.0	31.0	35.0	20.2	35.0
100	29.938465935440732	34.0	31.0	35.0	18.0	35.0
>>END_MODULE
>>Per sequence quality scores	pass
#Quality	Count
2	108.0
3	57.0
4	33.0
5	56.0
6	65.0
7	56.0
8	87.0
9	106.0
10	148.0
11	193.0
12	193.0
13	235.0
14	236.0
15	254.0
16	303.0
17	332.0
18	380.0
19	413.0
20	459.0
21	599.0
22	672.0
23	789.0
24	992.0
25	1279.0
26	1645.0
27	2207.0
28	2709.0
29	3438.0
30	4441.0
31	5587.0
32	7242.0
33	9464.0
34	12848.0
35	18793.0
36	32187.0
37	43490.0
38	26007.0
39	7336.0
40	3.0
>>END_MODULE
>>Per base sequence content	fail
#Base	G	A	T	C
1	28.173768617681	15.918184661511416	12.173617627074773	43.734429093732814
2	25.251021882852857	23.079453414005457	32.790845655245306	18.878679047896377
3	22.072669621768533	25.12052285889928	27.6674108346545	25.13939668467769
4	24.95119767905868	32.8560951672221	20.276959911994048	21.915747241725175
5	27.207428737826383	33.69732854477411	19.840165658265118	19.255077059134393
6	21.137606367489564	37.40414792765393	20.108713236483645	21.34953246837286
7	20.434960796367598	18.591796896064537	36.685324791579035	24.287917515988827
8	21.360856763839905	22.881547869414696	26.130002911961693	29.62759245478371
9	24.029076476742052	22.30454805276043	27.971009803604364	25.695365666893156
10-14	24.94033168357943	26.884445685924103	22.440140248854355	25.735082381642112
15-19	25.487755687517122	26.159774634762933	23.784682152617652	24.567787525102297
20-24	24.878614337636566	26.286170338973914	24.043097033034588	24.792118290354935
25-29	25.145436308926783	26.305367716051382	23.617842775638746	24.931353199383096
30-34	25.201626384529934	26.324996494860926	23.843681582381553	24.629695538227587
35-39	24.99973037391745	25.552140291843273	24.09993421123586	25.34819512300342
40-44	25.05904811207817	26.09700067945773	24.183086895093883	24.66086431337022
45-49	25.324252326873093	25.610055974374735	24.273573408397233	24.792118290354935
50-54	24.530473139849658	26.085244982258605	24.588065271082062	24.796216606809676
55-59	24.595399100527388	26.034878830038505	24.49218623612774	24.87753583330637
60-64	24.73592821475178	26.083411524897272	24.337528715177793	24.843131545173154
65-69	24.550425469958263	25.96197193731733	24.69170953721379	24.795893055510618
70-74	24.660540762071157	25.658588669233506	24.34184273249857	25.339027836196763
75-79	24.46425297397569	26.297710335306995	24.49757875777871	24.7404579329386
80-84	24.878830038502606	26.529157364566817	24.24499304364707	24.347019553283506
85-89	24.89673321038384	26.068312464274545	24.556033692475275	24.47892063286634
90-94	24.603380032570833	26.3480764875271	24.63767647027103	24.410867009631044
95-99	24.490892030931505	26.881396878808467	24.467919888698354	24.159791201561674
100	25.652764745850455	25.539521791179993	24.205411934728918	24.602301528240638
>>END_MODULE
>>Per base GC content	fail
#Base	%GC
1	71.9081977114138
2	44.12970093074924
3	47.21206630644622
4	46.86694492078386
5	46.46250579696078
6	42.487138835862424
7	44.72287831235642
8	50.98844921862361
9	49.72444214363521
10-14	50.67541406522154
15-19	50.05554321261941
20-24	49.670732627991505
25-29	50.07678950830987
30-34	49.831321922757525
35-39	50.34792549692087
40-44	49.719912425448385
45-49	50.11637061722802
50-54	49.32668974665933
55-59	49.47293493383376
60-64	49.57905975992494
65-69	49.34631852546888
70-74	49.99956859826792
75-79	49.204710906914286
80-84	49.22584959178611
85-89	49.37565384325018
90-94	49.01424704220187
95-99	48.65068323249318
100	50.255066274091085
>>END_MODULE
>>Per sequence GC content	warn
#GC Content	Count
0	0.0
1	0.0
2	0.0
3	0.0
4	0.0
5	0.0
6	0.0
7	0.0
8	0.0
9	0.0
10	0.0
11	0.0
12	0.0
13	0.0
14	0.5
15	3.5
16	6.0
17	7.0
18	8.0
19	7.0
20	10.0
21	16.0
22	29.0
23	44.0
24	48.0
25	64.5
26	111.5
27	149.5
28	233.5
29	378.5
30	700.5
31	1309.5
32	1603.5
33	1604.0
34	2108.5
35	2771.0
36	3201.0
37	3590.0
38	4232.0
39	4700.5
40	4903.0
41	4641.0
42	4035.0
43	4352.0
44	5311.5
45	5894.0
46	6108.5
47	7229.5
48	8576.0
49	8433.5
50	7541.5
51	7096.5
52	7316.5
53	7658.5
54	7686.0
55	7494.5
56	7058.0
57	6430.0
58	6354.0
59	5935.0
60	4929.5
61	4137.0
62	3522.5
63	3210.0
64	2748.5
65	2148.0
66	1641.0
67	1329.0
68	1142.0
69	1002.0
70	778.5
71	534.5
72	394.5
73	290.5
74	209.5
75	142.5
76	96.5
77	72.0
78	50.5
79	34.5
80	21.0
81	8.5
82	2.5
83	1.5
84	2.0
85	1.0
86	0.5
87	0.5
88	0.0
89	0.0
90	0.0
91	0.0
92	0.0
93	0.0
94	0.0
95	0.0
96	0.0
97	0.0
98	0.0
99	0.0
100	0.0
>>END_MODULE
>>Per base N content	pass
#Base	N-Count
1	0.0
2	0.0
3	0.0
4	0.0
5	0.0
6	0.0
7	0.0
8	0.0
9	0.0
10-14	1.0785043301948857E-4
15-19	4.314017320779543E-4
20-24	0.0
25-29	0.0
30-34	0.0
35-39	0.0
40-44	0.0
45-49	0.0
50-54	0.0
55-59	0.0
60-64	0.0
65-69	0.0
70-74	0.0
75-79	0.0
80-84	0.0
85-89	0.0
90-94	0.0
95-99	0.0
100	0.0
>>END_MODULE
>>Sequence Length Distribution	pass
#Length	Count
100	185442.0
>>END_MODULE
>>Sequence Duplication Levels	fail
#Total Duplicate Percentage	59.40075067949437
#Duplication Level	Relative count
1	100.0
2	7.7094734604962545
3	2.303278253015249
4	1.168907071887785
5	0.7504914722915892
6	0.5353063067849743
7	0.40114765421603527
8	0.2776154295733489
9	0.2736305191010042
10++	3.041814993889804
>>END_MODULE
>>Overrepresented sequences	warn
#Sequence	Count	Percentage	Possible Source
CTTCAATATAAGCCTTGGTAGGGATAGATAGCCACCTATATAGTATAGCT	706	0.38071202855879466	No Hit
CTCGTAACCAAACATGCACAGCGGTCAAACAGTATGTCCCAAGGGGACTT	411	0.22163263985504902	No Hit
CTTAGATATTTTAAAGAGGCATCTATCACATAAGGCATCATTATAACTAA	375	0.20221956191154108	No Hit
CCCTAACTTAATGGACGGGAGGTATCCCAATAGGAGGTTTCCTCCTATGG	331	0.17849246664725357	No Hit
CGAATAGCTCGTAACCAAACATGCACAGCGGTCAAACAGTATGTCCCAAG	327	0.17633545798686381	No Hit
CCTAACTTAATGGACGGGAGGTATCCCAATAGGAGGTTTCCTCCTATGGT	306	0.1650111625198175	No Hit
TGAAAATTCTATGGAAGAGCTAGCATCTCTGACGAAAACAGCAGACGGAA	298	0.160697145199038	No Hit
CAGCAATTGAAGTGAAGATGATTGACCGCACGCAATTGATATTAGATATT	285	0.1536868670527712	No Hit
CAAAAACGGAACAGGGCTGACGCCGCTACATATATAGGAAAAGGGAAGGT	284	0.15314761488767376	No Hit
CTTGAAGCTGATCTCCTCATCTTTAATGATGAACTGTCGCCAAGTCAGCT	272	0.14667658890650445	No Hit
CAGAAATCGCATTCATGAAATCAACACACAGCTTTCCACTGTCATTCGCC	270	0.14559808457630957	No Hit
CTCTCATTGGTTTATACTTCAATATAAGCCTTGGTAGGGATAGATAGCCA	266	0.1434410759159198	No Hit
CGAAACTGGAAACCGACCGCCGCCATATCAGAAATCGCATTCATGAAATC	265	0.14290182375082236	No Hit
CTAGCATCTCTGACGAAAACAGCAGACGGAAAAGTACTGACCAGCGTCAC	264	0.1423625715857249	No Hit
CCCAATTATCCATAAAACTGTAACTAAGTGAGGCTCTCTCATTGGTTTAT	249	0.13427378910926327	No Hit
GGCCGATTGTCGCAGCCCGGGTCGATTATAACAACGGTGCAATCTCAGCT	218	0.11755697199124254	No Hit
CTTCAAATTGCGCTTGTCGGCTATACAAACGCAGGGAAATCAACATGGTT	217	0.1170177198261451	No Hit
GGAAGAGCTAGCATCTCTGACGAAAACAGCAGACGGAAAAGTACTGACCA	214	0.11539996333085277	No Hit
CGCAGGGAAATCAACATGGTTCAACCGCCTGACGAGTGCTGACAGCTATG	212	0.11432145900065788	No Hit
TATAGATTGGCGCTAGTAGATCACAGAACAACCGCCGCATACGGCCGATT	209	0.11270370250536556	No Hit
CTCATCTTTAATGATGAACTGTCGCCAAGTCAGCTGAAGTCATTGGCAAC	205	0.11054669384497579	No Hit
GAAAAAACAGTGCTTCGGCTGCTTGAGGAGCTTGAAGCAGATGATATCCC	199	0.10731118085439113	No Hit
CATTAATTAGGGCTGAAAGCCCTAACTTAATGGACGGGAGGTATCCCAAT	199	0.10731118085439113	No Hit
CTAACTTAATGGACGGGAGGTATCCCAATAGGAGGTTTCCTCCTATGGTT	191	0.10299716353361159	No Hit
CTTCCATTTCCGCCCAAGCTGCTCACAGTATACGGGCGTCGGCATCCAGA	189	0.1019186592034167	No Hit
CCTCGATCCATCGCGTATAGGGACGCCCCCTGCTCGCGTTACTGCCAAGC	189	0.1019186592034167	No Hit
CAATTATCCATAAAACTGTAACTAAGTGAGGCTCTCTCATTGGTTTATAC	187	0.10084015487322182	No Hit
>>END_MODULE
>>Kmer Content	warn
#Sequence	Count	Obs/Exp Overall	Obs/Exp Max	Max Obs/Exp Position
GCTGA	47490	2.7623484	5.025604	1
AAAAA	55205	2.538282	8.298291	2
TGAAG	42800	2.3683822	5.684093	3
GAAGA	45140	2.3139868	6.3483143	2
GGAAG	39410	2.1331658	5.949673	1
GAAAA	41710	2.0249796	6.571567	2
TTCAA	34980	1.9700034	10.272359	2
AATTG	34740	1.9652939	6.3269296	5
AAAAC	39790	1.923108	5.683753	3
CTTCT	29315	1.8733288	5.337191	1
CTCAG	31550	1.8269432	6.2538524	1
CTTCA	30710	1.8180057	11.252526	1
ATTGG	29225	1.7457062	5.9064054	6
ATTGA	30825	1.7438167	5.1592994	6
GTTTT	24800	1.6348083	5.568872	1
CCCAA	29865	1.5948833	5.4855423	1
ATATA	29390	1.5746294	5.323393	6
TATCC	24895	1.4737626	5.086506	7
CTTGG	23365	1.4670697	5.424964	1
CTTGA	23550	1.4004157	5.451786	1
AATAT	26095	1.3980932	7.32931	5
TAGAT	23645	1.3376333	5.512304	3
TCCAT	19690	1.1656312	5.2001715	7
GATTG	18905	1.1292584	5.9064054	5
CAATA	21075	1.0995274	5.0335445	4
TATAA	20295	1.0873462	6.5836973	7
ATAAG	18255	0.95668924	5.0814953	8
CTCGT	14010	0.87573457	5.310642	1
TCAAT	13680	0.77043	5.6227636	3
>>END_MODULE
