##FastQC	0.10.1
>>Basic Statistics	pass
#Measure	Value	
Filename	Trimmed_Sample-A_Rep2.R2.fastq.gz	
File type	Conventional base calls	
Encoding	Sanger / Illumina 1.9	
Total Sequences	133902	
Filtered Sequences	0	
Sequence length	90	
%GC	50	
>>END_MODULE
>>Per base sequence quality	pass
#Base	Mean	Median	Lower Quartile	Upper Quartile	10th Percentile	90th Percentile
1	38.29281116040089	39.0	39.0	39.0	37.0	39.0
2	38.28150438380308	39.0	39.0	39.0	37.0	39.0
3	38.27643351107526	39.0	39.0	39.0	37.0	39.0
4	39.85526728502935	41.0	40.0	41.0	38.0	41.0
5	39.83942734238473	41.0	40.0	41.0	38.0	41.0
6	39.79602993233858	41.0	40.0	41.0	38.0	41.0
7	39.78931606697435	41.0	40.0	41.0	38.0	41.0
8	39.78108616749563	41.0	40.0	41.0	38.0	41.0
9	39.76337918776419	41.0	40.0	41.0	38.0	41.0
10-14	39.69038102492868	41.0	39.6	41.0	37.2	41.0
15-19	39.529097399590746	41.0	39.0	41.0	37.0	41.0
20-24	39.31483921076608	40.0	39.0	41.0	36.0	41.0
25-29	39.03570073635942	40.0	38.0	41.0	35.4	41.0
30-34	38.64224432794133	40.0	38.0	41.0	34.8	41.0
35-39	38.57788382548431	40.0	37.6	41.0	34.8	41.0
40-44	37.420833146629626	38.6	35.6	40.0	33.4	40.6
45-49	37.69278726232618	38.8	35.0	41.0	34.0	41.0
50-54	36.962454630998785	37.0	35.0	40.2	33.6	41.0
55-59	36.17595106869202	35.6	35.0	39.0	33.0	41.0
60-64	35.539926214694326	35.0	35.0	37.2	32.8	40.4
65-69	34.94403220265567	35.0	34.2	36.0	32.0	39.0
70-74	34.39813595017252	35.0	34.0	35.2	31.2	37.2
75-79	34.008719810010305	35.0	34.0	35.0	31.0	36.0
80-84	33.72984570805515	35.0	34.0	35.0	30.8	35.8
85-89	33.55415602455527	35.0	33.4	35.0	30.0	35.0
90	33.49378650057505	35.0	33.0	35.0	30.0	35.0
>>END_MODULE
>>Per sequence quality scores	pass
#Quality	Count
23	1.0
24	8.0
25	27.0
26	71.0
27	164.0
28	326.0
29	703.0
30	1151.0
31	1771.0
32	2640.0
33	3998.0
34	6225.0
35	10878.0
36	22946.0
37	38197.0
38	28783.0
39	15758.0
40	255.0
>>END_MODULE
>>Per base sequence content	pass
#Base	G	A	T	C
1	27.408104434586487	24.01756508491285	19.27827814371705	29.296052336783617
2	27.28175714531102	20.85527151061621	23.847825599892456	28.015145744180316
3	23.382772475392454	24.06984212334394	25.406640677510417	27.14074472375319
4	23.70464966916103	25.671013129004795	25.107914743618466	25.51642245821571
5	24.833086884437872	25.090738002419684	25.195292079281863	24.880883033860584
6	26.030977879344597	23.99217338053203	25.25653089572971	24.720317844393662
7	25.784528983883735	25.08102940956819	23.629968185688043	25.50447342086003
8	25.678481277352095	26.342399665426953	23.693447446640082	24.285671610580874
9	26.2311242550522	24.107182865080432	24.17066212603247	25.49103075383489
10-14	25.23427581365476	25.195590805215755	24.311959492763364	25.25817388836612
15-19	25.3422652387567	25.137339248106827	24.18290988932204	25.33748562381443
20-24	25.472547792486733	24.855080364864403	24.280181446403258	25.392190396245606
25-29	25.320308882615645	23.983360965482216	24.708368807037985	25.987961344864154
30-34	25.3757225433526	24.4313005033532	24.977968962375467	25.215007990918732
35-39	25.611267942226405	24.3718540425087	24.89447506385267	25.122402951412226
40-44	24.797687861271676	24.494929127272183	25.199175516422457	25.50820749503368
45-49	24.69134142880614	24.703589192095713	25.33524517931024	25.269824199787905
50-54	24.614718226762854	24.720317844393662	25.063404579468568	25.601559349374913
55-59	24.71479141461666	24.683126465624113	25.269226747920122	25.33285537183911
60-64	24.490896327164645	24.480739645412317	24.93002344998581	26.098340577437227
65-69	24.372750220310376	25.184836671595644	25.17557616764499	25.266836940448982
70-74	24.836970321578466	25.000522770384308	25.07490552792341	25.087601380113817
75-79	24.51210586847097	25.23069110244806	24.987677555226956	25.269525473854017
80-84	24.33182476736718	25.249809562217145	25.116279069767444	25.30208660064823
85-89	24.430703051485413	25.65443383967379	24.894923152753506	25.01993995608729
90	25.905512987109976	24.461173096742396	24.730773252079878	24.90254066406775
>>END_MODULE
>>Per base GC content	warn
#Base	%GC
1	56.70415677137011
2	55.29690288949133
3	50.52351719914564
4	49.221072127376736
5	49.71396991829845
6	50.75129572373825
7	51.28900240474377
8	49.96415288793297
9	51.72215500888709
10-14	50.49244970202088
15-19	50.67975086257114
20-24	50.86473818873234
25-29	51.3082702274798
30-34	50.59073053427133
35-39	50.733670893638624
40-44	50.30589535630535
45-49	49.961165628594046
50-54	50.21627757613777
55-59	50.04764678645577
60-64	50.589236904601876
65-69	49.63958716075936
70-74	49.92457170169228
75-79	49.781631342324985
80-84	49.63391136801542
85-89	49.4506430075727
90	50.80805365117773
>>END_MODULE
>>Per sequence GC content	warn
#GC Content	Count
0	0.0
1	0.0
2	0.0
3	0.0
4	0.0
5	0.0
6	0.0
7	0.0
8	0.0
9	0.0
10	0.0
11	0.0
12	1.0
13	5.0
14	5.5
15	3.5
16	4.5
17	6.5
18	12.5
19	15.5
20	14.0
21	14.5
22	20.5
23	43.5
24	63.5
25	78.5
26	134.5
27	207.5
28	341.0
29	711.5
30	978.0
31	953.0
32	1132.0
33	1409.0
34	1865.5
35	2328.0
36	2846.0
37	3829.5
38	3810.5
39	3026.0
40	2805.0
41	2643.5
42	3226.0
43	3767.0
44	3974.5
45	4228.0
46	4272.5
47	4865.5
48	5660.0
49	5849.0
50	5635.0
51	5680.0
52	6222.0
53	6737.0
54	6238.5
55	5601.5
56	5664.0
57	5812.5
58	5189.5
59	4349.5
60	4098.0
61	3858.0
62	3252.0
63	2727.0
64	2365.5
65	1975.5
66	1637.5
67	1296.0
68	995.5
69	771.5
70	657.0
71	594.0
72	463.0
73	352.5
74	256.5
75	170.0
76	121.0
77	85.5
78	58.0
79	34.5
80	19.0
81	17.5
82	12.0
83	7.0
84	3.0
85	0.0
86	0.0
87	0.0
88	0.0
89	0.0
90	0.0
91	0.0
92	0.0
93	0.0
94	0.0
95	0.0
96	0.0
97	0.0
98	0.0
99	0.0
100	0.0
>>END_MODULE
>>Per base N content	pass
#Base	N-Count
1	0.0
2	0.0022404445041896313
3	0.0
4	0.0
5	0.0
6	0.0
7	0.0
8	0.0
9	0.0
10-14	0.0
15-19	0.0
20-24	1.493629669459754E-4
25-29	0.0
30-34	0.0
35-39	0.0
40-44	0.0
45-49	0.0
50-54	0.0
55-59	0.0
60-64	0.0
65-69	0.0
70-74	0.0
75-79	0.0
80-84	0.0
85-89	0.0
90	0.0
>>END_MODULE
>>Sequence Length Distribution	pass
#Length	Count
90	133902.0
>>END_MODULE
>>Sequence Duplication Levels	fail
#Total Duplicate Percentage	52.508943174434854
#Duplication Level	Relative count
1	100.0
2	7.2620339356198205
3	1.9279457784906668
4	0.9215140507304492
5	0.5299492066487396
6	0.4591844757905993
7	0.3255177619474454
8	0.24060008491767704
9	0.21858439087292228
10++	2.3195106225723765
>>END_MODULE
>>Overrepresented sequences	warn
#Sequence	Count	Percentage	Possible Source
AGCCTTGGTAGGGATAGATAGCCACCTATATAGTATAGCTTCCCATCTTC	708	0.528744902988753	No Hit
AACATGCACAGCGGTCAAACAGTATGTCCCAAGGGGACTTAAGCGCGGTG	299	0.22329763558423324	No Hit
TGGACGGGAGGTATCCCAATAGGAGGTTTCCTCCTATGGTTTTCAAAACA	281	0.20985496855909547	No Hit
TTTATACTTCAATATAAGCCTTGGTAGGGATAGATAGCCACCTATATAGT	260	0.19417185702976805	No Hit
ATGGACGGGAGGTATCCCAATAGGAGGTTTCCTCCTATGGTTTTCAAAAC	257	0.1919314125255784	No Hit
TTAAAGAGGCATCTATCACATAAGGCATCATTATAACTAAAAATGGGATA	247	0.18446326417827963	No Hit
CGCCCAAGCTGCTCACAGTATACGGGCGTCGGCATCCAGACCGTCGGCTG	246	0.18371644934354975	No Hit
GGACGGGAGGTATCCCAATAGGAGGTTTCCTCCTATGGTTTTCAAAACAA	240	0.1792355603351705	No Hit
CATAAAACTGTAACTAAGTGAGGCTCTCTCATTGGTTTATACTTCAATAT	237	0.17699511583098088	No Hit
GTAACCAAACATGCACAGCGGTCAAACAGTATGTCCCAAGGGGACTTAAG	220	0.16429926364057296	No Hit
GGCTGAAAGCCCTAACTTAATGGACGGGAGGTATCCCAATAGGAGGTTTC	207	0.15459067078908453	No Hit
TAAAACTGTAACTAAGTGAGGCTCTCTCATTGGTTTATACTTCAATATAA	199	0.14861615211124554	No Hit
CCCTTTCAGCCTTTTGGGTCCTGTATCCCAATTCTCAGAGGTCCCGCCGT	198	0.14786933727651566	No Hit
CATCCAGACCGTCGGCTGATCGTGGTTTTACTAGGCTAGACTAGCGTACG	197	0.14712252244178578	No Hit
ATAGGTCTCAGAAAAACGAAATATAGGCTTACGGTAGGTCCGAATGGCAC	195	0.14562889277232602	No Hit
GTATACGGGCGTCGGCATCCAGACCGTCGGCTGATCGTGGTTTTACTAGG	191	0.14264163343340652	No Hit
CCTGAAACGGGCATCGTCGCTCTTCGTTGTTCGTCGACTTCTAGTGTGGA	185	0.13816074442502727	No Hit
GCATCGTCGCTCTTCGTTGTTCGTCGACTTCTAGTGTGGAGACGAATTGC	184	0.13741392959029738	No Hit
ACTCGGATAGGTCTCAGAAAAACGAAATATAGGCTTACGGTAGGTCCGAA	171	0.127705336738809	No Hit
CGCAGCCCGGGTCGATTATAACAACGGTGCAATCTCAGCTAAACCGACGC	165	0.12322444773042972	No Hit
CTAACTTAATGGACGGGAGGTATCCCAATAGGAGGTTTCCTCCTATGGTT	165	0.12322444773042972	No Hit
GTGAGGCTCTCTCATTGGTTTATACTTCAATATAAGCCTTGGTAGGGATA	160	0.11949037355678033	No Hit
GGTTTATACTTCAATATAAGCCTTGGTAGGGATAGATAGCCACCTATATA	158	0.1179967438873206	No Hit
ATTATCCATAAAACTGTAACTAAGTGAGGCTCTCTCATTGGTTTATACTT	158	0.1179967438873206	No Hit
CAGAATTATTAACTGCGCAGTTAGGGCAGCGTCTGAGGAAGTTTGCTGCG	157	0.1172499290525907	No Hit
CCTAACTTAATGGACGGGAGGTATCCCAATAGGAGGTTTCCTCCTATGGT	157	0.1172499290525907	No Hit
GCCACCTATATAGTATAGCTTCCCATCTTCTTTGAGAGTTGTTGGTTTAT	155	0.11575629938313095	No Hit
GGGAAGGAGACATAACGATAGCGACTCTGTCTCAGGGGATCTGCATATGT	151	0.11276904004421144	No Hit
CCAATTATCCATAAAACTGTAACTAAGTGAGGCTCTCTCATTGGTTTATA	148	0.1105285955400218	No Hit
ACCTTTGGGTTCCAGAGCTGTACGGTCGCACTGAACTCGGATAGGTCTCA	147	0.10978178070529193	No Hit
AGAGGTCCCGCCGTACGCTGAGGACCACCTGAAACGGGCATCGTCGCTCT	147	0.10978178070529193	No Hit
AAAGCCCTAACTTAATGGACGGGAGGTATCCCAATAGGAGGTTTCCTCCT	145	0.10828815103583217	No Hit
ATTATCAATCAAGCTCCCCGAGGAGCGGACTTGTAAGGACCGCCGCTTTC	144	0.1075413362011023	No Hit
TTCCGCAGTCAAAACCGCGCAATTATCCCCGTCCTGATTTACTGGACTCG	143	0.10679452136637241	No Hit
CTAGGCTAGACTAGCGTACGAGCACTATGGTCAGTAATTCCTGGAGGAAT	142	0.10604770653164254	No Hit
AATATAGGCTTACGGTAGGTCCGAATGGCACAAAGCTTGTTCCGTTAGCT	138	0.10306044719272305	No Hit
CGCTAGTAGATCACAGAACAACCGCCGCATACGGCCGATTGTCGCAGCCC	137	0.10231363235799315	No Hit
GGAAGGAGACATAACGATAGCGACTCTGTCTCAGGGGATCTGCATATGTT	137	0.10231363235799315	No Hit
>>END_MODULE
>>Kmer Content	warn
#Sequence	Count	Obs/Exp Overall	Obs/Exp Max	Max Obs/Exp Position
GCTGA	22585	2.0106947	5.2065287	2
AGCCT	20135	1.7598604	6.7276435	1
GCCTT	19465	1.7056653	6.292732	2
TTGGT	18305	1.6788117	7.9267545	5
CCTTG	18975	1.6627278	6.4808946	3
CTTGG	18230	1.6271421	6.6781354	4
GGTAG	13245	1.2010952	6.706888	7
TAGGG	13030	1.1815984	6.3169527	9
TGGTA	12915	1.181446	6.647729	6
GTAGG	11285	1.0233567	6.550914	8
>>END_MODULE
