##FastQC	0.10.1
>>Basic Statistics	pass
#Measure	Value	
Filename	Sample-B_Rep2.R1.fastq.gz	
File type	Conventional base calls	
Encoding	Sanger / Illumina 1.9	
Total Sequences	162373	
Filtered Sequences	0	
Sequence length	100	
%GC	48	
>>END_MODULE
>>Per base sequence quality	pass
#Base	Mean	Median	Lower Quartile	Upper Quartile	10th Percentile	90th Percentile
1	32.37558584247381	34.0	31.0	34.0	31.0	34.0
2	32.5464393710777	34.0	31.0	34.0	31.0	34.0
3	32.51501173224612	34.0	31.0	34.0	31.0	34.0
4	36.01174456344343	37.0	35.0	37.0	35.0	37.0
5	35.905088900248195	37.0	35.0	37.0	35.0	37.0
6	35.85630000061587	37.0	35.0	37.0	35.0	37.0
7	35.89307335579191	37.0	35.0	37.0	35.0	37.0
8	35.889679934471864	37.0	35.0	37.0	35.0	37.0
9	37.605026697788425	39.0	37.0	39.0	35.0	39.0
10-14	37.77960005665967	39.2	37.2	39.4	34.6	39.4
15-19	38.817485665720284	40.0	38.0	41.0	34.8	41.0
20-24	38.73717058870625	40.0	38.0	41.0	34.0	41.0
25-29	38.52637815400344	40.0	38.0	41.0	34.0	41.0
30-34	38.28423444784539	40.0	38.0	41.0	33.4	41.0
35-39	37.969173446324206	40.0	37.2	41.0	33.0	41.0
40-44	37.59047501739822	39.6	36.6	41.0	32.0	41.0
45-49	37.324138865451765	39.0	36.0	41.0	31.4	41.0
50-54	37.03010352706423	39.0	35.0	40.6	31.0	41.0
55-59	36.6325534417668	37.8	35.0	40.0	31.0	41.0
60-64	35.911343634717596	36.6	34.6	39.8	30.4	41.0
65-69	35.142007599785686	35.4	34.0	39.0	30.0	41.0
70-74	34.40851126726734	35.0	33.6	37.2	29.0	39.8
75-79	33.10294445505102	34.6	32.2	35.6	27.8	38.0
80-84	33.302387712242805	35.0	33.0	35.2	29.0	37.0
85-89	32.831853818060885	35.0	33.0	35.0	28.6	36.0
90-94	32.41035886508225	35.0	33.0	35.0	27.0	35.4
95-99	31.93331649966435	35.0	32.6	35.0	26.6	35.0
100	31.589001866073794	35.0	32.0	35.0	25.0	35.0
>>END_MODULE
>>Per sequence quality scores	pass
#Quality	Count
4	1.0
5	1.0
6	1.0
7	2.0
8	9.0
9	10.0
10	23.0
11	25.0
12	43.0
13	57.0
14	60.0
15	86.0
16	104.0
17	134.0
18	140.0
19	169.0
20	239.0
21	259.0
22	314.0
23	402.0
24	516.0
25	737.0
26	1095.0
27	1547.0
28	2073.0
29	2653.0
30	3550.0
31	4495.0
32	5687.0
33	7643.0
34	10260.0
35	14884.0
36	25593.0
37	38872.0
38	31970.0
39	8705.0
40	14.0
>>END_MODULE
>>Per base sequence content	fail
#Base	G	A	T	C
1	28.904510837727003	10.477599975333765	8.705330990041007	51.91255819689822
2	23.20914964247661	13.611756083440602	39.507412220463515	23.67168205361927
3	22.713751670536357	18.541875804474884	24.55395909418438	34.190413430804384
4	26.1483445341883	27.341389728096676	22.192490289167026	24.317775448547998
5	27.446681406391455	29.65764012489761	25.146422126831432	17.749256341879498
6	21.243063809869867	31.874141636848492	26.586316690582795	20.296477862698847
7	16.402357534811824	22.340536911925014	42.76265142603758	18.494454127225584
8	20.281081214241283	21.613815104728005	32.15928756628257	25.945816114748144
9	20.15482869688926	20.457218872595814	34.85308518041793	24.534867250096998
10-14	24.071736064493482	26.034377636676048	25.797146077241905	24.096740221588565
15-19	24.118541875804475	24.840706275058043	26.405621624284827	24.635130224852652
20-24	23.923805066113207	24.946019350507783	26.870107714952606	24.2600678684264
25-29	23.988224643259656	25.08779168950503	27.327203414360763	23.596780252874556
30-34	23.548742709686955	26.01713339040358	26.12503310279418	24.309090797115285
35-39	24.40701348130539	25.008344983464	26.115671940531985	24.468969594698624
40-44	24.797349313001547	25.04973117451793	26.432350206007154	23.720569306473365
45-49	24.587215854852715	26.036594754053937	25.607582541432382	23.768606849660966
50-54	24.533635518220393	24.737240797423215	26.209283563153974	24.519840121202417
55-59	24.13923497133144	25.47997511901609	25.803551083000254	24.577238826652213
60-64	23.873609217318688	25.3653633679574	26.304807584530888	24.456219830193024
65-69	24.15949074900937	24.756392427749155	26.1031780149016	24.98093880833987
70-74	24.982108918196186	24.968190210837623	25.45029481792976	24.599406053036436
75-79	24.214616962179672	24.91892124922247	26.103354621765934	24.763107166831926
80-84	24.44459773059849	24.824720020102383	26.395465138622694	24.335217110676435
85-89	24.398884050919794	24.650157353747236	25.99656346806427	24.954395127268697
90-94	24.31007618261657	24.65631601313026	26.26138582153437	24.7722219827188
95-99	24.943339984726432	24.32870199295445	26.67972310496884	24.048234917350282
100	25.046035978888114	24.690681332487543	25.140263467448403	25.123019221175934
>>END_MODULE
>>Per base GC content	fail
#Base	%GC
1	80.81706903462522
2	46.88083169609588
3	56.904165101340745
4	50.4661199827363
5	45.19593774827096
6	41.53954167256872
7	34.89681166203741
8	46.22689732898942
9	44.689695946986255
10-14	48.16847628608205
15-19	48.75367210065713
20-24	48.183872934539615
25-29	47.58500489613421
30-34	47.85783350680224
35-39	48.87598307600401
40-44	48.51791861947491
45-49	48.35582270451368
50-54	49.053475639422814
55-59	48.71647379798365
60-64	48.329829047511716
65-69	49.14042955734924
70-74	49.58151497123262
75-79	48.9777241290116
80-84	48.77981484127493
85-89	49.353279178188494
90-94	49.08229816533537
95-99	48.991574902076714
100	50.16905520006405
>>END_MODULE
>>Per sequence GC content	warn
#GC Content	Count
0	0.0
1	0.0
2	0.0
3	0.0
4	0.0
5	0.0
6	0.0
7	0.0
8	0.0
9	0.5
10	0.5
11	0.0
12	0.0
13	0.5
14	0.5
15	3.0
16	3.5
17	5.5
18	13.0
19	21.5
20	23.5
21	27.0
22	44.5
23	66.0
24	93.5
25	121.0
26	187.5
27	277.5
28	372.5
29	682.0
30	1018.5
31	1198.5
32	1334.0
33	1566.5
34	1927.0
35	2314.0
36	3067.0
37	3884.5
38	4609.5
39	4544.5
40	3774.5
41	3744.5
42	3952.0
43	4213.0
44	5062.0
45	5765.5
46	6687.5
47	7202.5
48	7268.5
49	6780.5
50	5841.0
51	6224.5
52	7096.0
53	7130.5
54	6399.5
55	6183.5
56	5514.5
57	4626.5
58	4372.5
59	4204.5
60	4038.5
61	3555.5
62	3131.0
63	2704.0
64	2111.5
65	1628.0
66	1345.0
67	1147.0
68	950.5
69	709.5
70	507.0
71	372.5
72	269.0
73	178.0
74	114.0
75	72.0
76	38.0
77	23.0
78	13.0
79	5.5
80	4.0
81	2.0
82	1.0
83	1.5
84	1.0
85	0.0
86	0.0
87	0.0
88	0.0
89	0.0
90	0.0
91	0.0
92	0.0
93	0.0
94	0.0
95	0.0
96	0.0
97	0.0
98	0.0
99	0.0
100	0.0
>>END_MODULE
>>Per base N content	pass
#Base	N-Count
1	0.12810011516693046
2	0.0036951956298153016
3	0.0
4	0.1127034667093667
5	0.0
6	0.0
7	0.0
8	0.0
9	0.0
10-14	0.0
15-19	0.0
20-24	0.0
25-29	0.0
30-34	0.0
35-39	0.0
40-44	0.0
45-49	0.0
50-54	0.0
55-59	0.0
60-64	2.4634637532102013E-4
65-69	7.390391259630603E-4
70-74	9.853855012840805E-4
75-79	0.0
80-84	0.0025866369408707114
85-89	0.0
90-94	0.0
95-99	6.158659383025503E-4
100	0.0
>>END_MODULE
>>Sequence Length Distribution	pass
#Length	Count
100	162373.0
>>END_MODULE
>>Sequence Duplication Levels	fail
#Total Duplicate Percentage	53.243785874411834
#Duplication Level	Relative count
1	100.0
2	6.672901381735797
3	2.085117032626879
4	1.030045179731029
5	0.6704514021522939
6	0.4557488902646241
7	0.3372014910628433
8	0.27397621148856016
9	0.22260567183445515
10++	2.0785310660045573
>>END_MODULE
>>Overrepresented sequences	warn
#Sequence	Count	Percentage	Possible Source
CCAGAATTCAAGACGTTAACAGTTCTTGGCGCAAATAGCGCTGAATCGCT	848	0.5222543156805626	No Hit
CGCTTTGATATTCTCTGCATCCTATTTAGGGCTATTGATATTTAACAAAT	557	0.3430373276345205	No Hit
CTTATGTGATAGATGCCTCTTTAAAATATCTAAGTGCTGGGGTTATGAGT	539	0.3319517407450746	No Hit
CCGCTTTGATATTCTCTGCATCCTATTTAGGGCTATTGATATTTAACAAA	523	0.3220978857322338	No Hit
CTTTGATATTCTCTGCATCCTATTTAGGGCTATTGATATTTAACAAATAT	465	0.28637766131068587	No Hit
CTCAATTTGAAGTTTGCCTTCTCTCGTTCTCGCCCGCTTTGCAAAAATAT	368	0.2266386652953385	No Hit
GTTGATTTCATGAATGCGATTTCTGATATGGCGGCGGTCGGTTTCCAGTT	310	0.1909184408737906	No Hit
CTTCTCTCGTTCTCGCCCGCTTTGCAAAAATATCTAATATCAATTGCGTG	299	0.18414391555246254	No Hit
GCCTTATGTGATAGATGCCTCTTTAAAATATCTAAGTGCTGGGGTTATGA	299	0.18414391555246254	No Hit
CTGAGACAGAGTCGCTATCGTTATGTCTCCTTCCCGCGGTCAAGGCGAAA	267	0.16443620552678093	No Hit
CTGCGTTTGTATAGCCGACAAGCGCAATTTGAAGCACACCGTTTTTCTTT	262	0.16135687583526817	No Hit
GCCTTCTCTCGTTCTCGCCCGCTTTGCAAAAATATCTAATATCAATTGCG	261	0.16074100989696563	No Hit
CTCAAATTTCGCACTGACCATAATGTGATCCCTTCCGGCGGTCGGTATAA	258	0.15889341208205798	No Hit
CGGCTGTCGAGTTGTACGGCCGTTCAGCCACGAGTCACGGGGTCTAACGC	251	0.15458235051394012	No Hit
GTCGGAAGATCCTGAATAAATCCTACTGTATCTGAAAGAAGAACACTGTA	248	0.15273475269903247	No Hit
CTCAGACGCTGCCCTAACTGCGCAGTTAATAATTCTGGCAATTCGTCTCC	234	0.14411262956279677	No Hit
CCCATTTTTAGTTATAATGATGCCTTATGTGATAGATGCCTCTTTAAAAT	233	0.14349676362449423	No Hit
CAGAATTCAAGACGTTAACAGTTCTTGGCGCAAATAGCGCTGAATCGCTT	233	0.14349676362449423	No Hit
CTTCACTTCAATTGCTGTTGCCAATGACTTCAGCTGACTTGGCGACAGTT	231	0.14226503174788913	No Hit
CCGCATAATCCTCATTTGAAGAATCAATTAAATGCAGAATTAAATCCGCT	229	0.14103329987128402	No Hit
CTCAAGCGTTGAGCGGAATGCAGCAATCAATGTCGTCGGAAGATCCTGAA	222	0.13672223830316618	No Hit
GGAAGCTATACTATATAGGTGGCTATCTATCCCTACCAAGGCTTATATTG	217	0.1336429086116534	No Hit
CTCGTTCTCGCCCGCTTTGCAAAAATATCTAATATCAATTGCGTGCGGTC	210	0.12933184704353556	No Hit
CGCCAATCTATATTACTCACAATATCCTAAAAACGATCAGCCGGCAGGTT	207	0.12748424922862792	No Hit
CAATGACTTCAGCTGACTTGGCGACAGTTCATCATTAAAGATGAGGAGAT	206	0.12686838329032535	No Hit
CTGTGATCTACTAGCGCCAATCTATATTACTCACAATATCCTAAAAACGA	205	0.1262525173520228	No Hit
CCGGGATCGGGCAAAGGGGCAACTCGAGCTAATCTCCCCAGCGGCTAGCA	203	0.1250207854754177	No Hit
GTCAGCACTCGTCAGGCGGTTGAACCATGTTGATTTCCCTGCGTTTGTAT	202	0.12440491953711516	No Hit
CTTTAAAATATCTAAGTGCTGGGGTTATGAGTAGGGATGAGCATAAACCA	201	0.1237890535988126	No Hit
CTCGGCAATAGGATTGTAGCCCAGGATGAGTCCCTCAGCGTGACGCAGTA	196	0.12070972390729987	No Hit
CTCTCGTTCTCGCCCGCTTTGCAAAAATATCTAATATCAATTGCGTGCGG	196	0.12070972390729987	No Hit
GTAAAACGCAAGCACCGGCTGTCGAGTTGTACGGCCGTTCAGCCACGAGT	190	0.11701452827748457	No Hit
CCGGGACCTCTTGCCCCAATTCCTCCGCCTTGCCGGGAAAGGTTGATCCC	189	0.116398662339182	No Hit
CTTCTTCATAGCTGTCAGCACTCGTCAGGCGGTTGAACCATGTTGATTTC	186	0.11455106452427435	No Hit
CGCATAATCCTCATTTGAAGAATCAATTAAATGCAGAATTAAATCCGCTT	183	0.1127034667093667	No Hit
CTACGTTCTCCTACAAATGGACCTTGAGAGCTTGTTTGGAGGTTCTAGCA	183	0.1127034667093667	No Hit
GTTATGAGTAGGGATGAGCATAAACCAACAACTCTCAAAGAAGATGGGAA	182	0.11208760077106417	No Hit
CCCGCATAATCCTCATTTGAAGAATCAATTAAATGCAGAATTAAATCCGC	176	0.10839240514124886	No Hit
ATCGGGTCCAGCGTGGCAAACAGGAGGTCTTCTTCATAGCTGTCAGCACT	175	0.1077765392029463	No Hit
GTTTATTGAGTGCAGGGAGAAGGGCTTGATGCCTTGGGGTGGGAGGAGAG	172	0.10592894138803866	No Hit
CTTTGGTATAGTTGGGATTTTAATATCATTAATAGCATGATGGTGATTGT	170	0.10469720951143355	No Hit
AGGAGATGTTGGAACTCTACCAATTGGAGCTTTCTTAGCTGTCTTAGCAG	167	0.1028496116965259	No Hit
CCCAATTCCTCCGCCTTGCCGGGAAAGGTTGATCCCTTGTCCCGTCAGAC	166	0.10223374575822335	No Hit
CCACATTCAAATTGACCTCCCTCAGGAAGCTAAGAAATACTATCTCGGCA	166	0.10223374575822335	No Hit
CTGCGATAGGCTAGTTCATAAACGAGGGGCGATGCCCGGGCTCAGAATCC	164	0.10100201388161824	No Hit
>>END_MODULE
>>Kmer Content	warn
#Sequence	Count	Obs/Exp Overall	Obs/Exp Max	Max Obs/Exp Position
CAGCT	40800	2.7295582	5.079328	3
CAGCA	35640	2.5440538	5.076534	3
GGCAG	33940	2.5228336	5.902112	1
TTTTT	50625	2.5186787	5.5226827	2
TCCAG	36800	2.4619546	5.240228	2
TCAGC	36525	2.4435565	5.8510523	2
CTTCA	38245	2.3421538	6.0709224	1
CTTCT	38430	2.2057421	7.5127687	1
GCAAA	30900	2.191115	5.1868076	55-59
CAATT	34015	2.0693278	5.5250683	3
CTGGG	28780	2.0049849	7.073747	1
CCCAG	27550	1.979667	6.881298	1
CTGAG	27845	1.8946654	6.2541084	1
CTCCT	30370	1.8722657	6.615677	1
AAAGG	25920	1.869368	5.268451	55-59
AAAAT	27990	1.8048295	5.0136824	9
CTTGG	28080	1.7907131	5.002225	1
CTCAA	27000	1.7642534	10.188001	1
CTCCA	26715	1.7572529	6.2991056	1
GTCAG	25630	1.7439494	6.1886206	1
CTCAG	25940	1.7354103	8.4671	1
TTGAT	29020	1.6828791	5.2326517	5
TTTAA	28935	1.6388681	5.1379614	7
TTTGA	27950	1.6208293	6.1789823	6
GGAGC	21195	1.5754701	5.833328	95-96
CAGAA	22210	1.5749081	7.700971	2
GCCTT	24410	1.5305362	5.7329235	1
ATCTA	24745	1.5053804	5.839791	6
CCGGG	19585	1.465488	5.833382	1
TTCAT	25565	1.4576331	6.5404677	7
CTTTG	24125	1.4083312	6.3207226	1
TCAAG	21020	1.3969568	7.145075	8
TTCAA	22785	1.3861423	9.110073	7
GTTGA	21500	1.3620261	5.731279	1
AATTC	21785	1.3253068	8.9932785	5
CCAGA	17680	1.2620333	8.450267	1
AGAAT	19110	1.2616214	7.5819902	3
TGATA	19650	1.2158346	7.4837794	7
GATGT	18320	1.1605729	5.3514085	5
CAATC	17145	1.1203008	5.5890007	4
CAAGA	15720	1.114703	7.4534836	9
GATTT	19105	1.107905	5.433843	4
TTATG	18915	1.096887	5.043877	2
CGCTT	17230	1.0803416	5.8234434	1
CTTAT	17155	0.97812235	5.1034303	1
GTCGG	13930	0.97044617	7.040222	1
GAATT	15670	0.9695739	7.6412086	4
ATTCA	13650	0.830408	8.350902	6
>>END_MODULE
