##FastQC	0.10.1
>>Basic Statistics	pass
#Measure	Value	
Filename	Trimmed_Sample-A_Rep3.R1.fastq.gz	
File type	Conventional base calls	
Encoding	Sanger / Illumina 1.9	
Total Sequences	122587	
Filtered Sequences	0	
Sequence length	90	
%GC	49	
>>END_MODULE
>>Per base sequence quality	pass
#Base	Mean	Median	Lower Quartile	Upper Quartile	10th Percentile	90th Percentile
1	38.39209704128496	39.0	39.0	39.0	37.0	39.0
2	38.37450953200584	39.0	39.0	39.0	37.0	39.0
3	38.36341537030843	39.0	39.0	39.0	37.0	39.0
4	39.976302544315466	41.0	40.0	41.0	38.0	41.0
5	39.97326796479235	41.0	40.0	41.0	38.0	41.0
6	39.95856820054329	41.0	40.0	41.0	38.0	41.0
7	39.93348397464658	41.0	40.0	41.0	38.0	41.0
8	39.89976914354703	41.0	40.0	41.0	38.0	41.0
9	39.941103053341706	41.0	40.0	41.0	38.0	41.0
10-14	39.86191847422647	41.0	40.0	41.0	38.0	41.0
15-19	39.71686557302161	41.0	39.8	41.0	37.4	41.0
20-24	39.49049736105786	40.8	39.0	41.0	36.6	41.0
25-29	39.16261593806847	40.0	38.4	41.0	35.6	41.0
30-34	39.026687984859734	40.0	38.0	41.0	35.0	41.0
35-39	38.8531149306207	40.0	37.8	41.0	35.0	41.0
40-44	38.39166958976074	40.0	36.4	41.0	35.0	41.0
45-49	37.802510869831224	39.0	35.2	41.0	34.0	41.0
50-54	37.0509319911573	37.2	35.0	40.2	33.6	41.0
55-59	36.30114938778174	35.8	35.0	39.2	33.0	41.0
60-64	35.626779348544304	35.0	35.0	37.6	32.6	40.4
65-69	34.473316093876186	34.8	33.6	36.0	31.0	38.8
70-74	34.59347402253094	35.0	34.0	35.6	32.0	37.2
75-79	34.20195942473508	35.0	34.0	35.0	31.6	36.2
80-84	33.92073221467203	35.0	34.0	35.0	31.0	35.8
85-89	33.7750348731921	35.0	34.0	35.0	31.0	35.0
90	33.72006003899271	35.0	34.0	35.0	31.0	35.0
>>END_MODULE
>>Per sequence quality scores	pass
#Quality	Count
24	2.0
25	15.0
26	42.0
27	95.0
28	243.0
29	487.0
30	851.0
31	1390.0
32	2103.0
33	3268.0
34	5257.0
35	9384.0
36	18944.0
37	32431.0
38	31085.0
39	16421.0
40	569.0
>>END_MODULE
>>Per base sequence content	pass
#Base	G	A	T	C
1	28.186512436065815	24.78566242750047	20.157112907567686	26.87071222886603
2	27.050992356448887	20.757502834721464	26.95718143033111	25.234323378498537
3	23.59467153939651	23.99520340656024	25.811056637326963	26.599068416716293
4	24.411234470212992	25.3477122370235	26.180590111512643	24.060463181250867
5	24.69103575419906	24.762821506358748	25.846133766223172	24.70000897321902
6	24.281530668015368	24.553174480165108	25.280005220781977	25.88528963103755
7	24.6390289266311	25.644037655197167	24.931884554516827	24.785048863654904
8	25.09402406689782	24.137058943503977	26.316948806852945	24.451968182745258
9	25.470074314568432	24.726928630278906	24.351684925807792	25.45131212934487
10-14	24.646332808535977	24.76037426480785	25.774511163500208	24.81878176315596
15-19	24.911940091526834	24.955664140569557	25.85657533017367	24.27582043772994
20-24	24.455774266439345	25.88186349286629	24.900030182645793	24.76233205804857
25-29	25.295504417270998	24.899051286025433	25.01260329398713	24.792841002716436
30-34	25.72980821783713	25.113592795320873	24.765758196219828	24.39084079062217
35-39	25.37153205478558	26.063448815942962	24.443211759811398	24.121807369460058
40-44	25.297625359948444	24.976547268470554	24.761679460301664	24.964147911279337
45-49	25.023697455684534	25.63991287820079	24.465726382079666	24.87066328403501
50-54	24.21370000685229	25.979958690495224	25.077740833433943	24.728600469218545
55-59	24.495859192983144	25.056124413467252	25.04894570941911	25.3990706841305
60-64	25.4847993421804	25.36928935252409	24.424652572707664	24.72125873258785
65-69	25.20577222707139	24.597061678644554	25.100377690946026	25.09678840333804
70-74	25.244931288717904	25.46388069052269	24.726925066117172	24.56426295464223
75-79	25.373163549152842	24.731986262817426	24.811929486813447	25.082920701216278
80-84	24.84031748880387	24.9215659082937	25.37267410084267	24.86544250205976
85-89	25.152259211825072	24.71746596294876	25.771411324202404	24.358863501023762
90	25.219639929193143	24.903130021943596	24.19914020246845	25.6780898463948
>>END_MODULE
>>Per base GC content	pass
#Base	%GC
1	55.057224664931844
2	52.285315734947424
3	50.19373995611281
4	48.471697651463856
5	49.39104472741808
6	50.166820299052915
7	49.424077790286006
8	49.54599224964308
9	50.921386443913306
10-14	49.46511457169194
15-19	49.18776052925678
20-24	49.21810632448791
25-29	50.088345419987434
30-34	50.120649008459296
35-39	49.49333942424563
40-44	50.26177327122778
45-49	49.894360739719545
50-54	48.942300476070834
55-59	49.89492987711364
60-64	50.206058074768244
65-69	50.302560630409424
70-74	49.80919424336014
75-79	50.45608425036912
80-84	49.705759990863626
85-89	49.51112271284883
90	50.897729775587955
>>END_MODULE
>>Per sequence GC content	warn
#GC Content	Count
0	0.0
1	0.0
2	0.0
3	0.0
4	0.0
5	0.0
6	0.0
7	0.0
8	0.0
9	0.0
10	0.0
11	0.0
12	0.0
13	0.0
14	0.5
15	3.0
16	4.0
17	4.0
18	6.0
19	17.5
20	28.0
21	33.0
22	34.0
23	46.5
24	75.0
25	101.0
26	155.5
27	385.5
28	596.0
29	766.5
30	916.0
31	850.5
32	988.5
33	1365.5
34	1871.5
35	2301.0
36	2582.0
37	3592.5
38	3832.5
39	3216.5
40	3187.0
41	2939.0
42	2834.5
43	3234.0
44	3670.5
45	3957.5
46	4080.5
47	4774.5
48	5492.0
49	5131.0
50	4730.0
51	5472.5
52	6453.0
53	6210.5
54	5413.5
55	4945.5
56	4765.5
57	4149.0
58	3828.0
59	3656.5
60	3218.0
61	3204.0
62	2890.5
63	2531.5
64	2220.5
65	1796.0
66	1466.0
67	1161.0
68	919.0
69	723.0
70	621.0
71	552.0
72	413.5
73	293.0
74	198.5
75	127.0
76	88.0
77	69.0
78	46.5
79	26.0
80	20.0
81	12.0
82	6.5
83	4.5
84	1.5
85	1.5
86	0.0
87	0.0
88	0.0
89	0.0
90	0.0
91	0.0
92	0.0
93	0.0
94	0.0
95	0.0
96	0.0
97	0.0
98	0.0
99	0.0
100	0.0
>>END_MODULE
>>Per base N content	pass
#Base	N-Count
1	0.0
2	0.0
3	0.0
4	0.0
5	0.0
6	0.0
7	8.157471836328485E-4
8	0.009788966203594183
9	0.0
10-14	0.0
15-19	0.0
20-24	0.0
25-29	0.0
30-34	0.0
35-39	0.0
40-44	0.0
45-49	0.0
50-54	1.631494367265697E-4
55-59	0.0017946438039922667
60-64	1.631494367265697E-4
65-69	0.0
70-74	0.0013051954938125576
75-79	0.0
80-84	0.0
85-89	0.0
90	0.0
>>END_MODULE
>>Sequence Length Distribution	pass
#Length	Count
90	122587.0
>>END_MODULE
>>Sequence Duplication Levels	fail
#Total Duplicate Percentage	52.683400360560256
#Duplication Level	Relative count
1	100.0
2	7.480518584925178
3	1.9843459071788152
4	0.9654506585752707
5	0.5534101096476105
6	0.3585959588993862
7	0.299979311771602
8	0.22757051237845666
9	0.20171022688090476
10++	2.0981311633680435
>>END_MODULE
>>Overrepresented sequences	warn
#Sequence	Count	Percentage	Possible Source
AGATGCCTCTTTAAAATATCTAAGTGCTGGGGTTATGAGTAGGGATGAGC	462	0.376875198838376	No Hit
CTCTGCATCCTATTTAGGGCTATTGATATTTAACAAATATCCAGCAAAGG	433	0.35321853051302343	No Hit
ATTCTCTGCATCCTATTTAGGGCTATTGATATTTAACAAATATCCAGCAA	408	0.3328248509222022	No Hit
TTCTCTGCATCCTATTTAGGGCTATTGATATTTAACAAATATCCAGCAAA	400	0.3262988734531394	No Hit
GTTGTACGGCCGTTCAGCCACGAGTCACGGGGTCTAACGCCTACCAGTAC	372	0.30345795231141964	No Hit
GTCGCTATCGTTATGTCTCCTTCCCGCGGTCAAGGCGAAACCGCAGCAAA	358	0.29203749174055976	No Hit
ATAGATGCCTCTTTAAAATATCTAAGTGCTGGGGTTATGAGTAGGGATGA	358	0.29203749174055976	No Hit
AGCACCGGCTGTCGAGTTGTACGGCCGTTCAGCCACGAGTCACGGGGTCT	296	0.24146116635532316	No Hit
CTATATAGGTGGCTATCTATCCCTACCAAGGCTTATATTGAAGTATAAAC	283	0.23085645296809615	No Hit
GCCCTAACTGCGCAGTTAATAATTCTGGCAATTCGTCTCCACACTAGAAG	251	0.20475254309184499	No Hit
CGCGGTCAAGGCGAAACCGCAGCAAACTTCCTCAGACGCTGCCCTAACTG	223	0.18191162195012522	No Hit
AATATCTAAGTGCTGGGGTTATGAGTAGGGATGAGCATAAACCAACAACT	212	0.17293840293016388	No Hit
GGGATGAGCATAAACCAACAACTCTCAAAGAAGATGGGAAGCTATACTAT	211	0.17212265574653104	No Hit
CCTACCGTAAGCCTATATTTCGTTTTTCTGAGACCTATCCGAGTTCAGTG	211	0.17212265574653104	No Hit
GTTACAGTTTTATGGATAATTGGGATATTCTTTGGTATAGTTGGGATTTT	201	0.16396518391020254	No Hit
GTTATAATGATGCCTTATGTGATAGATGCCTCTTTAAAATATCTAAGTGC	197	0.16070219517567116	No Hit
GGAACTCTACCAATTGGAGCTTTCTTAGCTGTCTTAGCAGTAGTTTATAA	196	0.15988644799203833	No Hit
ATATTCTCTGCATCCTATTTAGGGCTATTGATATTTAACAAATATCCAGC	194	0.1582549536247726	No Hit
TCTAAGTGCTGGGGTTATGAGTAGGGATGAGCATAAACCAACAACTCTCA	189	0.15417621770660836	No Hit
CGCGGTTTTGACTGCGGAAGGAAGCCAAGGCCCACCTAAAGTATGCTGCA	185	0.15091322897207698	No Hit
TACAGTTTTATGGATAATTGGGATATTCTTTGGTATAGTTGGGATTTTAA	184	0.15009748178844415	No Hit
CGGTCAAGGCGAAACCGCAGCAAACTTCCTCAGACGCTGCCCTAACTGCG	181	0.14765024023754558	No Hit
GGCATGGAATCTTATGCCAGCTAACGGAACAAGCTTTGTGCCATTCGGAC	178	0.14520299868664704	No Hit
CGCAGTTAATAATTCTGGCAATTCGTCTCCACACTAGAAGTCGACGAACA	174	0.14194000995211564	No Hit
GTAGGGATGAGCATAAACCAACAACTCTCAAAGAAGATGGGAAGCTATAC	173	0.1411242627684828	No Hit
GGGAACAGTCGCATGACGAGGCAGTTTCCAGAAACGTGTATCACATCTAG	169	0.1378612740339514	No Hit
GCAAAGGGGCAACTCGAGCTAATCTCCCCAGCGGCTAGCATGTGTAGTGC	169	0.1378612740339514	No Hit
GTTGGGATTTTAATATCATTAATAGCATGATGGTGATTGTTTTGAAAACC	167	0.1362297796666857	No Hit
CGCTCCTCGGGGAGCTTGATTGATAATTCTGTATAAGGTGATCGCAGGTT	166	0.13541403248305287	No Hit
CCCTTAGACGTCTTGGTATACGGACAACTGATGGACCCACGTTGCGAGTC	164	0.13378253811578714	No Hit
CTAGCGCCAATCTATATTACTCACAATATCCTAAAAACGATCAGCCGGCA	162	0.13215104374852146	No Hit
TATTCTCTGCATCCTATTTAGGGCTATTGATATTTAACAAATATCCAGCA	162	0.13215104374852146	No Hit
TATTACTCACAATATCCTAAAAACGATCAGCCGGCAGGTTCATTTTAAAC	159	0.12970380219762292	No Hit
GTGGTCCTCAGCGTACGGCGGGACCTCTGAGAATTGGGATACAGGACCCA	159	0.12970380219762292	No Hit
TGGACCCACGTTGCGAGTCCAGTAAATCAGGACGGGGATAATTGCGCGGT	154	0.12562506627945869	No Hit
TCGCATGACGAGGCAGTTTCCAGAAACGTGTATCACATCTAGGCATGGAA	151	0.12317782472856013	No Hit
GGGGAACAGTCGCATGACGAGGCAGTTTCCAGAAACGTGTATCACATCTA	149	0.12154633036129442	No Hit
GTCGCATGACGAGGCAGTTTCCAGAAACGTGTATCACATCTAGGCATGGA	147	0.11991483599402873	No Hit
AAAAGCTATAACCCGCAGACCCGAGCGAAAGCGGCGGTCCTTACAAGTCC	147	0.11991483599402873	No Hit
CGAAGAGCGACGATGCCCGTTTCAGGTGGTCCTCAGCGTACGGCGGGACC	146	0.1190990888103959	No Hit
GACCTATCCGAGTTCAGTGCGACCGTACAGCTCTGGAACCCAAAGGTTCG	144	0.11746759444313018	No Hit
ACCTACCGTAAGCCTATATTTCGTTTTTCTGAGACCTATCCGAGTTCAGT	143	0.11665184725949734	No Hit
TTACAGTTTTATGGATAATTGGGATATTCTTTGGTATAGTTGGGATTTTA	142	0.11583610007586448	No Hit
AGAAACGTGTATCACATCTAGGCATGGAATCTTATGCCAGCTAACGGAAC	141	0.11502035289223164	No Hit
CTGAGATTGCACCGTTGTTATAATCGACCCGGGCTGCGACAATCGGCCGT	141	0.11502035289223164	No Hit
ATGGACCCACGTTGCGAGTCCAGTAAATCAGGACGGGGATAATTGCGCGG	138	0.11257311134133309	No Hit
CAGCAAATACCAGCGGCCCTGACCCCGGGGAACAGTCGCATGACGAGGCA	136	0.1109416169740674	No Hit
TTGGTATAGTTGGGATTTTAATATCATTAATAGCATGATGGTGATTGTTT	135	0.11012586979043455	No Hit
TGCGACCGTACAGCTCTGGAACCCAAAGGTTCGTTTTTTTCTTGGTACCT	133	0.10849437542316885	No Hit
GAGTAGGGATGAGCATAAACCAACAACTCTCAAAGAAGATGGGAAGCTAT	132	0.107678628239536	No Hit
AGACGTTAACAGTTCTTGGCGCAAATAGCGCTGAATCGCTTCTTTAAAGG	131	0.10686288105590316	No Hit
CCTCTTTAAAATATCTAAGTGCTGGGGTTATGAGTAGGGATGAGCATAAA	131	0.10686288105590316	No Hit
TTTTTCTGAGACCTATCCGAGTTCAGTGCGACCGTACAGCTCTGGAACCC	125	0.10196839795410606	No Hit
TTTTAAACGCGGTGACTAGGATGCTCATTTGAATGTCCCCAATTCGCGTC	124	0.10115265077047322	No Hit
GCAAATACCAGCGGCCCTGACCCCGGGGAACAGTCGCATGACGAGGCAGT	124	0.10115265077047322	No Hit
GGCAGTTTCCAGAAACGTGTATCACATCTAGGCATGGAATCTTATGCCAG	124	0.10115265077047322	No Hit
GATGCCTCTTTAAAATATCTAAGTGCTGGGGTTATGAGTAGGGATGAGCA	123	0.10033690358684036	No Hit
CCACACCACGCTCGCTTGGCAGTAACGCGAGCAGGGGGCGTCCCTATACG	123	0.10033690358684036	No Hit
GTATGCTGCAAACATATGCAGATCCCCTGAGACAGAGTCGCTATCGTTAT	123	0.10033690358684036	No Hit
>>END_MODULE
>>Kmer Content	warn
#Sequence	Count	Obs/Exp Overall	Obs/Exp Max	Max Obs/Exp Position
TTTTT	31235	3.0114698	4.6682525	50-54
TCCAG	27365	2.6862836	5.0486727	55-59
GCAAA	20670	1.992232	5.1639953	45-49
CTCTG	19990	1.9685578	5.67439	4
ATGCC	19565	1.9205971	5.023017	3
TCTTT	19595	1.9119707	5.7902064	8
CTGCA	17905	1.7576433	6.5425854	3
CCTCT	17580	1.7569231	5.67266	6
GCCTC	16560	1.6504208	5.657014	5
GGAGC	17065	1.646132	5.060337	85-86
TCTGC	16205	1.595822	5.5894694	2
CCTAT	15925	1.5676005	5.0792365	9
CTCTT	14285	1.4106368	5.6051574	7
>>END_MODULE
