##FastQC	0.10.1
>>Basic Statistics	pass
#Measure	Value	
Filename	Trimmed_Sample-A_Rep3.R2.fastq.gz	
File type	Conventional base calls	
Encoding	Sanger / Illumina 1.9	
Total Sequences	119789	
Filtered Sequences	0	
Sequence length	90	
%GC	50	
>>END_MODULE
>>Per base sequence quality	pass
#Base	Mean	Median	Lower Quartile	Upper Quartile	10th Percentile	90th Percentile
1	38.30741553898939	39.0	39.0	39.0	37.0	39.0
2	38.27690355541828	39.0	39.0	39.0	37.0	39.0
3	38.27356435064989	39.0	39.0	39.0	37.0	39.0
4	39.86760887894548	41.0	40.0	41.0	38.0	41.0
5	39.853241950429506	41.0	40.0	41.0	38.0	41.0
6	39.82308058335907	41.0	40.0	41.0	38.0	41.0
7	39.805967158921106	41.0	40.0	41.0	38.0	41.0
8	39.794947783185435	41.0	40.0	41.0	38.0	41.0
9	39.77847715566538	41.0	40.0	41.0	38.0	41.0
10-14	39.70747397507284	41.0	40.0	41.0	37.4	41.0
15-19	39.54986351000509	41.0	39.0	41.0	37.0	41.0
20-24	39.33409745469116	40.2	39.0	41.0	36.2	41.0
25-29	39.07775839183899	40.0	38.2	41.0	35.4	41.0
30-34	38.69121538705557	40.0	38.0	41.0	34.8	41.0
35-39	38.62639641369408	40.0	37.8	41.0	34.8	41.0
40-44	37.48600789721928	38.6	35.6	40.0	33.4	40.6
45-49	37.76305002963544	38.8	35.2	41.0	34.0	41.0
50-54	37.0218100159447	37.0	35.0	40.2	33.6	41.0
55-59	36.25266259840219	35.6	35.0	39.0	33.0	41.0
60-64	35.620916778669155	35.0	35.0	37.4	33.0	40.6
65-69	35.018804731653155	35.0	34.4	36.2	32.0	39.0
70-74	34.46200903254889	35.0	34.0	35.4	31.6	37.2
75-79	34.05724064813965	35.0	34.0	35.0	31.0	36.2
80-84	33.76720066116254	35.0	34.0	35.0	31.0	35.8
85-89	33.580021537870756	35.0	33.4	35.0	30.0	35.0
90	33.54023324345307	35.0	33.0	35.0	30.0	35.0
>>END_MODULE
>>Per sequence quality scores	pass
#Quality	Count
23	2.0
24	3.0
25	23.0
26	74.0
27	141.0
28	301.0
29	591.0
30	971.0
31	1574.0
32	2228.0
33	3503.0
34	5488.0
35	9305.0
36	20075.0
37	34007.0
38	26357.0
39	14822.0
40	324.0
>>END_MODULE
>>Per base sequence content	pass
#Base	G	A	T	C
1	27.13855195385219	24.20673016721068	19.359039644708613	29.295678234228518
2	27.039121069943732	21.052411881584877	24.07874304987394	27.82972399859745
3	23.138184641327666	24.04310913355984	25.39047825760295	27.42822796750954
4	23.633221748240658	25.65677983788161	25.3370509813088	25.37294743256893
5	24.931337601950094	25.150055514279273	25.151725116663464	24.76688176710716
6	25.41051348621326	24.2025561612502	25.660119042649992	24.72681130988655
7	25.689337084373353	25.139203098782026	23.984673050113116	25.1867867667315
8	25.533229261451385	26.20273981751246	23.937089382163638	24.326941538872518
9	26.111746487573985	24.389551628279726	24.10571922296705	25.392982661179243
10-14	25.025837096895376	25.25006469709239	24.486054646086032	25.238043559926204
15-19	25.158737446677076	25.244721969462976	24.37402432610674	25.222516257753213
20-24	25.34865588211232	24.997036445872144	24.485468567125753	25.168839104889777
25-29	25.123675796609035	24.311581196937947	24.755862391371494	25.80888061508152
30-34	25.179774436717896	24.629974371603403	25.107313693243956	25.08293749843475
35-39	25.43989848817504	24.61094090442361	25.07959829366636	24.86956231373498
40-44	24.460342769369475	24.705273439130472	25.41619013431951	25.418193657180545
45-49	24.472864787250916	24.830994498660143	25.443404653181844	25.252736060907093
50-54	24.6004224094032	24.868226631827632	25.23720875873411	25.294142200035065
55-59	24.512100443279433	24.94102129577841	25.328869929626258	25.2180083313159
60-64	24.30273230430173	24.585062067468634	25.130521166384224	25.98168446184541
65-69	24.207731928641195	25.30182237100235	25.307165098631764	25.1832806017247
70-74	24.751187504695757	25.128684603761613	25.16858810074381	24.951539790798822
75-79	24.484718964178683	25.38413376854302	25.09078462964045	25.04036263763785
80-84	24.310245515030594	25.386805132357733	25.05689170124135	25.246057651370325
85-89	24.238953493225587	25.68048819173714	25.05021329170458	25.030345023332696
90	25.504011219728024	24.604930335840518	24.8662231089666	25.024835335464857
>>END_MODULE
>>Per base GC content	warn
#Base	%GC
1	56.43423018808071
2	54.868845068541184
3	50.56641260883721
4	49.006169180809586
5	49.69821936905726
6	50.13732479609981
7	50.87612385110486
8	49.86017080032391
9	51.50472914875323
10-14	50.26388065682158
15-19	50.381253704430286
20-24	50.517494987002095
25-29	50.932556411690555
30-34	50.26271193515265
35-39	50.30946080191002
40-44	49.87853642655002
45-49	49.72560084815802
50-54	49.89456460943826
55-59	49.73010877459533
60-64	50.284416766147146
65-69	49.39101253036589
70-74	49.702727295494576
75-79	49.52508160181653
80-84	49.55630316640092
85-89	49.26929851655828
90	50.528846555192885
>>END_MODULE
>>Per sequence GC content	warn
#GC Content	Count
0	0.0
1	0.0
2	0.0
3	0.0
4	0.0
5	0.0
6	0.0
7	0.0
8	0.0
9	0.0
10	0.0
11	0.0
12	0.0
13	0.0
14	0.0
15	2.5
16	4.0
17	3.5
18	9.0
19	13.0
20	12.0
21	14.5
22	23.5
23	39.5
24	51.0
25	79.0
26	143.0
27	230.5
28	361.0
29	671.0
30	900.0
31	945.5
32	1168.5
33	1405.0
34	1825.0
35	2240.5
36	2703.0
37	3560.5
38	3533.5
39	2837.5
40	2618.0
41	2414.5
42	2888.5
43	3375.5
44	3554.5
45	3843.5
46	3830.5
47	4294.5
48	4925.0
49	5104.5
50	5050.0
51	5076.5
52	5476.5
53	5884.5
54	5501.0
55	4894.5
56	4936.0
57	5134.0
58	4621.0
59	3919.5
60	3699.0
61	3354.0
62	2815.5
63	2387.0
64	2060.5
65	1700.5
66	1358.0
67	1112.0
68	883.0
69	706.0
70	586.0
71	548.5
72	423.0
73	305.0
74	222.0
75	133.5
76	83.0
77	62.0
78	42.5
79	24.5
80	20.0
81	15.0
82	8.0
83	3.5
84	1.5
85	1.5
86	0.5
87	0.0
88	0.0
89	0.0
90	0.0
91	0.0
92	0.0
93	0.0
94	0.0
95	0.0
96	0.0
97	0.0
98	0.0
99	0.0
100	0.0
>>END_MODULE
>>Per base N content	pass
#Base	N-Count
1	0.0
2	0.005843608344672717
3	0.0
4	0.0
5	0.0
6	0.0
7	0.0
8	0.0
9	0.0
10-14	0.0
15-19	0.0
20-24	3.339204768384409E-4
25-29	0.0
30-34	0.0
35-39	0.0
40-44	0.0
45-49	0.0
50-54	0.0
55-59	0.0
60-64	0.0
65-69	0.0
70-74	0.0
75-79	0.0
80-84	0.0
85-89	0.0
90	0.0
>>END_MODULE
>>Sequence Length Distribution	pass
#Length	Count
90	119789.0
>>END_MODULE
>>Sequence Duplication Levels	fail
#Total Duplicate Percentage	51.30360735663658
#Duplication Level	Relative count
1	100.0
2	7.0546888393622496
3	1.608091890965198
4	0.900051431510372
5	0.5674609977713012
6	0.40459454825990054
7	0.3000171438367907
8	0.26744385393451053
9	0.19886850677181553
10++	2.3195611177781585
>>END_MODULE
>>Overrepresented sequences	warn
#Sequence	Count	Percentage	Possible Source
AGCCTTGGTAGGGATAGATAGCCACCTATATAGTATAGCTTCCCATCTTC	538	0.44912304134770303	No Hit
TGGACGGGAGGTATCCCAATAGGAGGTTTCCTCCTATGGTTTTCAAAACA	290	0.24209234570786967	No Hit
TTAAAGAGGCATCTATCACATAAGGCATCATTATAACTAAAAATGGGATA	280	0.23374433378690868	No Hit
AACATGCACAGCGGTCAAACAGTATGTCCCAAGGGGACTTAAGCGCGGTG	252	0.2103699004082178	No Hit
ATGGACGGGAGGTATCCCAATAGGAGGTTTCCTCCTATGGTTTTCAAAAC	246	0.2053610932556412	No Hit
CATAAAACTGTAACTAAGTGAGGCTCTCTCATTGGTTTATACTTCAATAT	232	0.19367387656629576	No Hit
CGCCCAAGCTGCTCACAGTATACGGGCGTCGGCATCCAGACCGTCGGCTG	227	0.18949987060581522	No Hit
GGACGGGAGGTATCCCAATAGGAGGTTTCCTCCTATGGTTTTCAAAACAA	224	0.18699546702952693	No Hit
TTTATACTTCAATATAAGCCTTGGTAGGGATAGATAGCCACCTATATAGT	211	0.17614305153227758	No Hit
GTAACCAAACATGCACAGCGGTCAAACAGTATGTCCCAAGGGGACTTAAG	188	0.15694262411406723	No Hit
GGCTGAAAGCCCTAACTTAATGGACGGGAGGTATCCCAATAGGAGGTTTC	180	0.1502642145772984	No Hit
ATAGGTCTCAGAAAAACGAAATATAGGCTTACGGTAGGTCCGAATGGCAC	178	0.1485946121931062	No Hit
CCTAACTTAATGGACGGGAGGTATCCCAATAGGAGGTTTCCTCCTATGGT	174	0.1452554074247218	No Hit
GCCACCTATATAGTATAGCTTCCCATCTTCTTTGAGAGTTGTTGGTTTAT	167	0.1394117990800491	No Hit
CCTGAAACGGGCATCGTCGCTCTTCGTTGTTCGTCGACTTCTAGTGTGGA	166	0.13857699788795297	No Hit
GCATCGTCGCTCTTCGTTGTTCGTCGACTTCTAGTGTGGAGACGAATTGC	163	0.13607259431166469	No Hit
ACCTTTGGGTTCCAGAGCTGTACGGTCGCACTGAACTCGGATAGGTCTCA	162	0.13523779311956857	No Hit
CCCTTTCAGCCTTTTGGGTCCTGTATCCCAATTCTCAGAGGTCCCGCCGT	161	0.1344029919274725	No Hit
GTATACGGGCGTCGGCATCCAGACCGTCGGCTGATCGTGGTTTTACTAGG	161	0.1344029919274725	No Hit
CATCCAGACCGTCGGCTGATCGTGGTTTTACTAGGCTAGACTAGCGTACG	154	0.12855938358279975	No Hit
CTAGGCTAGACTAGCGTACGAGCACTATGGTCAGTAATTCCTGGAGGAAT	151	0.12605498000651144	No Hit
CTAACTTAATGGACGGGAGGTATCCCAATAGGAGGTTTCCTCCTATGGTT	151	0.12605498000651144	No Hit
ACTCGGATAGGTCTCAGAAAAACGAAATATAGGCTTACGGTAGGTCCGAA	144	0.12021137166183873	No Hit
TAAAACTGTAACTAAGTGAGGCTCTCTCATTGGTTTATACTTCAATATAA	143	0.11937657046974263	No Hit
GGTTTATACTTCAATATAAGCCTTGGTAGGGATAGATAGCCACCTATATA	139	0.11603736570135821	No Hit
GTGAGGCTCTCTCATTGGTTTATACTTCAATATAAGCCTTGGTAGGGATA	136	0.11353296212506991	No Hit
CCAATTATCCATAAAACTGTAACTAAGTGAGGCTCTCTCATTGGTTTATA	134	0.11186335974087772	No Hit
CAGAATTATTAACTGCGCAGTTAGGGCAGCGTCTGAGGAAGTTTGCTGCG	129	0.10768935378039719	No Hit
CGCAGCCCGGGTCGATTATAACAACGGTGCAATCTCAGCTAAACCGACGC	128	0.1068545525883011	No Hit
AAAGCCCTAACTTAATGGACGGGAGGTATCCCAATAGGAGGTTTCCTCCT	127	0.106019751396205	No Hit
ATTATCAATCAAGCTCCCCGAGGAGCGGACTTGTAAGGACCGCCGCTTTC	126	0.1051849502041089	No Hit
AGCATCAACCTGCGCCGTCTTGTTAACTTGTCATATCGCGCACGTAGTAG	123	0.1026805466278206	No Hit
GTTCCGTTAGCTGGCATAAGATTCCATGCCTAGATGTGATACACGTTTCT	122	0.1018457454357245	No Hit
CGCTAGTAGATCACAGAACAACCGCCGCATACGGCCGATTGTCGCAGCCC	122	0.1018457454357245	No Hit
GGACATTCAAATGAGCATCCTAGTCACCGCGTTTAAAATGAACCTGCCGG	122	0.1018457454357245	No Hit
>>END_MODULE
>>Kmer Content	warn
#Sequence	Count	Obs/Exp Overall	Obs/Exp Max	Max Obs/Exp Position
GGAGG	24115	2.4816258	5.929546	7
GCTGA	20530	2.0573559	5.4730325	2
GGCTG	19330	1.9472696	5.0252314	1
AAAGA	18590	1.8832467	5.227291	3
AGCCT	18150	1.7804582	5.948098	1
AGAGG	17160	1.7566795	5.0622168	5
GAGGT	16485	1.6876204	5.810685	8
TTGGT	15970	1.6264398	6.656475	5
GCCTT	16540	1.6225618	5.610754	2
CCTTG	16405	1.609318	5.86338	3
CTTGG	15645	1.5678574	5.7312613	4
GGTAG	12010	1.2295008	6.2068677	7
TGGTA	11325	1.1533489	5.605316	6
TAGGG	11240	1.1506734	5.6346035	9
GTAGG	10085	1.0324326	5.9427457	8
>>END_MODULE
