##FastQC	0.10.1
>>Basic Statistics	pass
#Measure	Value	
Filename	Sample-B_Rep1.R2.fastq.gz	
File type	Conventional base calls	
Encoding	Sanger / Illumina 1.9	
Total Sequences	227392	
Filtered Sequences	0	
Sequence length	100	
%GC	49	
>>END_MODULE
>>Per base sequence quality	pass
#Base	Mean	Median	Lower Quartile	Upper Quartile	10th Percentile	90th Percentile
1	31.877005347593585	33.0	31.0	34.0	30.0	34.0
2	31.987426998311285	34.0	31.0	34.0	30.0	34.0
3	32.00945503799606	34.0	31.0	34.0	30.0	34.0
4	35.52773184632705	37.0	35.0	37.0	33.0	37.0
5	35.546127392344495	37.0	35.0	37.0	33.0	37.0
6	35.554474211933574	37.0	35.0	37.0	33.0	37.0
7	35.58649820574163	37.0	35.0	37.0	33.0	37.0
8	35.57640550239235	37.0	35.0	37.0	33.0	37.0
9	37.20352079228821	39.0	37.0	39.0	33.0	39.0
10-14	37.382210455952716	39.2	37.2	39.4	33.0	39.4
15-19	38.3353926259499	40.0	38.0	41.0	33.0	41.0
20-24	38.20218389389249	40.0	38.0	41.0	33.0	41.0
25-29	37.96485716296088	40.0	37.6	41.0	32.6	41.0
30-34	37.67835192091191	40.0	37.0	41.0	32.0	41.0
35-39	37.32938098086124	39.4	36.4	41.0	31.0	41.0
40-44	36.85044944413172	39.0	35.6	40.4	30.4	41.0
45-49	36.63517713903743	38.8	35.0	40.0	30.0	41.0
50-54	35.41064593301435	37.6	33.8	39.4	28.6	40.2
55-59	35.89540353222629	37.4	34.4	40.0	29.8	41.0
60-64	35.12261820996341	36.0	34.0	39.2	29.0	41.0
65-69	34.253361595834505	35.0	33.2	37.8	28.4	40.6
70-74	33.52955161131439	35.0	33.0	36.4	27.6	39.6
75-79	32.828523430903466	35.0	32.6	35.4	26.6	38.4
80-84	32.13550608640585	35.0	32.0	35.0	25.4	36.8
85-89	31.538256403039686	34.4	31.6	35.0	24.6	36.0
90-94	30.957494546861806	34.0	31.0	35.0	23.4	35.2
95-99	30.26044891640867	34.0	31.0	35.0	19.0	35.0
100	29.769398219814242	34.0	30.0	35.0	15.0	35.0
>>END_MODULE
>>Per sequence quality scores	pass
#Quality	Count
2	197.0
3	61.0
4	56.0
5	75.0
6	74.0
7	95.0
8	95.0
9	139.0
10	207.0
11	236.0
12	272.0
13	310.0
14	330.0
15	349.0
16	394.0
17	471.0
18	443.0
19	566.0
20	598.0
21	721.0
22	895.0
23	1049.0
24	1339.0
25	1781.0
26	2136.0
27	2686.0
28	3478.0
29	4386.0
30	5622.0
31	7113.0
32	8902.0
33	11695.0
34	15569.0
35	22947.0
36	38929.0
37	51876.0
38	32099.0
39	9200.0
40	1.0
>>END_MODULE
>>Per base sequence content	fail
#Base	G	A	T	C
1	33.188062904587674	17.51688713763017	10.203964959189417	39.09108499859274
2	25.766077962285394	24.161799887419082	31.912732198142415	18.15938995215311
3	22.10280045032367	25.77135519279482	27.66412186884323	24.46172248803828
4	25.314874753729242	33.57901773149451	19.874489867717422	21.231617647058822
5	27.012823670137916	34.45283915001408	19.242101745004224	19.292235434843793
6	20.79624613003096	37.75506614128905	19.868772867998874	21.579914860681114
7	20.340205460174502	18.87533422459893	36.45510835913313	24.329351956093443
8	21.412802561215873	22.765092879256965	25.951220799324513	29.870883760202645
9	23.876389670700814	22.60325781030115	27.28811919504644	26.232233323951593
10-14	24.878139309066157	27.021585745773358	22.500030784007095	25.600244161153395
15-19	25.342998899694535	26.14865821662561	23.928081712852816	24.580261170827043
20-24	24.864287222065858	26.394859977483815	23.943674359696033	24.79717844075429
25-29	25.016271460737403	26.239709400506616	23.83848156487475	24.90553757388123
30-34	25.14978539262595	26.223965662820152	23.89837813115677	24.72787081339713
35-39	24.9686004784689	25.638808753166337	24.106301013228258	25.286289755136504
40-44	25.002726569096538	26.034688995215312	24.287222065859837	24.675362369828314
45-49	25.198335913312693	25.52825077399381	24.30991415705038	24.963499155643117
50-54	24.588376020264565	26.052895440472838	24.560406698564595	24.798321840698
55-59	24.59224598930481	26.135396144103574	24.443252181255275	24.829105685336337
60-64	24.778268364762173	26.141816774556716	24.319061356600056	24.76085350408106
65-69	24.583274697438785	26.048849563748945	24.652318463270475	24.715557275541798
70-74	24.59901843512525	25.581023079088094	24.39918730650155	25.42077117928511
75-79	24.467615395440472	26.42010273008725	24.405080213903744	24.707201660568533
80-84	24.967105263157897	26.45071066704194	24.249841683084718	24.332342386715453
85-89	24.907296650717704	26.09810371517028	24.59127849704475	24.403321137067266
90-94	24.73200464396285	26.317020827469744	24.56797072896144	24.38300379960597
95-99	24.47544328736279	26.71237334646777	24.54228820714889	24.269895159020546
100	25.931431184914157	25.546193357725866	24.27086265128061	24.25151280607937
>>END_MODULE
>>Per base GC content	fail
#Base	%GC
1	72.2791479031804
2	43.92546791443851
3	46.56452293836195
4	46.54649240078806
5	46.30505910498171
6	42.37616099071207
7	44.66955741626794
8	51.28368632141852
9	50.10862299465241
10-14	50.478383470219555
15-19	49.92326007052157
20-24	49.661465662820156
25-29	49.92180903461863
30-34	49.87765620602308
35-39	50.25489023360541
40-44	49.67808893892485
45-49	50.16183506895581
50-54	49.38669786096257
55-59	49.42135167464115
60-64	49.53912186884323
65-69	49.29883197298058
70-74	50.01978961441036
75-79	49.174817056009005
80-84	49.29944764987334
85-89	49.31061778778497
90-94	49.11500844356881
95-99	48.74533844638334
100	50.18294399099352
>>END_MODULE
>>Per sequence GC content	warn
#GC Content	Count
0	0.0
1	0.0
2	0.0
3	0.0
4	0.0
5	0.0
6	0.0
7	0.0
8	0.0
9	0.0
10	0.0
11	0.0
12	0.0
13	0.0
14	1.0
15	5.5
16	5.5
17	3.0
18	11.0
19	18.5
20	17.0
21	22.0
22	41.0
23	65.5
24	76.5
25	99.5
26	168.5
27	224.0
28	350.5
29	533.0
30	900.0
31	1731.0
32	2181.5
33	2052.0
34	2663.0
35	3546.5
36	3920.5
37	4287.0
38	5016.0
39	5629.5
40	6014.0
41	5659.5
42	4878.0
43	5277.5
44	6457.5
45	7009.0
46	7433.5
47	8898.0
48	10239.5
49	10041.5
50	9126.5
51	8583.0
52	8939.5
53	9483.5
54	9333.5
55	9020.0
56	8604.0
57	8047.0
58	7978.5
59	7457.5
60	6354.5
61	5382.5
62	4450.5
63	3976.0
64	3376.5
65	2610.0
66	2025.0
67	1634.0
68	1368.0
69	1175.0
70	919.0
71	657.5
72	465.0
73	327.0
74	227.5
75	143.5
76	94.5
77	61.0
78	37.0
79	25.5
80	17.5
81	8.5
82	4.5
83	2.0
84	0.0
85	0.0
86	0.0
87	0.0
88	0.0
89	0.0
90	0.0
91	0.0
92	0.0
93	0.0
94	0.0
95	0.0
96	0.0
97	0.0
98	0.0
99	0.0
100	0.0
>>END_MODULE
>>Per base N content	pass
#Base	N-Count
1	0.0
2	0.0
3	0.0
4	0.0
5	0.0
6	0.0
7	0.0
8	0.0
9	0.0
10-14	5.277230509428652E-4
15-19	2.638615254714326E-4
20-24	0.0
25-29	0.0
30-34	0.0
35-39	0.0
40-44	0.0
45-49	0.0
50-54	0.0
55-59	0.0
60-64	0.0
65-69	0.0
70-74	0.0
75-79	0.0
80-84	0.0
85-89	0.0
90-94	0.0
95-99	0.0
100	0.0
>>END_MODULE
>>Sequence Length Distribution	pass
#Length	Count
100	227392.0
>>END_MODULE
>>Sequence Duplication Levels	fail
#Total Duplicate Percentage	60.45736400017592
#Duplication Level	Relative count
1	100.0
2	8.955024689710397
3	2.405578539970639
4	1.1566350816317452
5	0.6906446016281863
6	0.4971306552782597
7	0.33475688420303396
8	0.27470083188753947
9	0.23911206014502426
10++	2.930512923172739
>>END_MODULE
>>Overrepresented sequences	warn
#Sequence	Count	Percentage	Possible Source
CTTCAATATAAGCCTTGGTAGGGATAGATAGCCACCTATATAGTATAGCT	811	0.35665282859555303	No Hit
CTCGTAACCAAACATGCACAGCGGTCAAACAGTATGTCCCAAGGGGACTT	473	0.2080108359133127	No Hit
CTTAGATATTTTAAAGAGGCATCTATCACATAAGGCATCATTATAACTAA	427	0.1877814522938362	No Hit
CAGAAATCGCATTCATGAAATCAACACACAGCTTTCCACTGTCATTCGCC	412	0.18118491415705038	No Hit
CGAATAGCTCGTAACCAAACATGCACAGCGGTCAAACAGTATGTCCCAAG	355	0.1561180692372643	No Hit
CAGCAATTGAAGTGAAGATGATTGACCGCACGCAATTGATATTAGATATT	355	0.1561180692372643	No Hit
CCTAACTTAATGGACGGGAGGTATCCCAATAGGAGGTTTCCTCCTATGGT	334	0.14688291584576413	No Hit
CCCTAACTTAATGGACGGGAGGTATCCCAATAGGAGGTTTCCTCCTATGG	318	0.13984660849985928	No Hit
TGAAAATTCTATGGAAGAGCTAGCATCTCTGACGAAAACAGCAGACGGAA	318	0.13984660849985928	No Hit
CGAAACTGGAAACCGACCGCCGCCATATCAGAAATCGCATTCATGAAATC	313	0.13764776245426402	No Hit
GGAAGAGCTAGCATCTCTGACGAAAACAGCAGACGGAAAAGTACTGACCA	304	0.1336898395721925	No Hit
CTCTCATTGGTTTATACTTCAATATAAGCCTTGGTAGGGATAGATAGCCA	304	0.1336898395721925	No Hit
GGCAAACTTCAAATTGAGCTGGCTCAGCTGCAATATGCACTGCCGCGTCT	298	0.1310512243174782	No Hit
CTTGAAGCTGATCTCCTCATCTTTAATGATGAACTGTCGCCAAGTCAGCT	284	0.12489445538981143	No Hit
CAAAAACGGAACAGGGCTGACGCCGCTACATATATAGGAAAAGGGAAGGT	283	0.12445468618069239	No Hit
CTAGCATCTCTGACGAAAACAGCAGACGGAAAAGTACTGACCAGCGTCAC	282	0.12401491697157332	No Hit
CCCAATTATCCATAAAACTGTAACTAAGTGAGGCTCTCTCATTGGTTTAT	281	0.12357514776245426	No Hit
GTTTATTGGAAGCATCAACCTGCGCCGTCTTGTTAACTTGTCATATCGCG	276	0.121376301716859	No Hit
GGCCGATTGTCGCAGCCCGGGTCGATTATAACAACGGTGCAATCTCAGCT	266	0.11697860962566844	No Hit
TATAGATTGGCGCTAGTAGATCACAGAACAACCGCCGCATACGGCCGATT	264	0.11609907120743033	No Hit
CTTCAAATTGCGCTTGTCGGCTATACAAACGCAGGGAAATCAACATGGTT	253	0.11126160990712075	No Hit
CATTAATTAGGGCTGAAAGCCCTAACTTAATGGACGGGAGGTATCCCAAT	252	0.1108218406980017	No Hit
CAATTATCCATAAAACTGTAACTAAGTGAGGCTCTCTCATTGGTTTATAC	246	0.10818322544328737	No Hit
GCAAACTTCAAATTGAGCTGGCTCAGCTGCAATATGCACTGCCGCGTCTG	244	0.10730368702504926	No Hit
GAAAAAACAGTGCTTCGGCTGCTTGAGGAGCTTGAAGCAGATGATATCCC	236	0.10378553335209682	No Hit
GTTGGTTTATGCTCATCCCTACTCATAACCCCAGCACTTAGATATTTTAA	232	0.1020264565156206	No Hit
CATGGTTCAACCGCCTGACGAGTGCTGACAGCTATGAAGAAGACCTCCTG	231	0.10158668730650156	No Hit
AGATGATTGACCGCACGCAATTGATATTAGATATTTTTGCAAAGCGGGCG	229	0.10070714888826345	No Hit
GGCTGACGCCGCTACATATATAGGAAAAGGGAAGGTAGAAGAGCTGAAGG	228	0.1002673796791444	No Hit
GAATATCCCAATTATCCATAAAACTGTAACTAAGTGAGGCTCTCTCATTG	228	0.1002673796791444	No Hit
>>END_MODULE
>>Kmer Content	warn
#Sequence	Count	Obs/Exp Overall	Obs/Exp Max	Max Obs/Exp Position
GCTGA	59165	2.799663	5.88275	1
AAAAA	65750	2.453025	7.0557337	2
TGAAG	53400	2.3937154	5.8955126	3
GAAGA	57380	2.3795478	7.165989	2
GGAAG	49775	2.176251	7.534109	1
TTCAA	44245	2.0359862	10.027813	2
GAAAA	50630	1.9914892	6.4004345	2
AATTG	42370	1.9472567	6.794464	5
AAAAC	48810	1.9223156	5.1986227	3
CTTCA	39045	1.8966435	11.7980585	1
CTTCT	35450	1.861375	5.091066	1
CAGAA	44770	1.8589462	5.221806	1
CTCAG	38280	1.8136716	5.3898273	1
GGAAA	43105	1.7875637	5.0560036	1
ATTGA	38320	1.7611252	5.3826275	6
ATTGG	35605	1.7252003	6.837788	6
TGGAA	36605	1.6408604	5.336084	7
CCCAA	37110	1.628644	5.182151	1
ATATA	36610	1.5958816	5.586656	6
CTTGA	29280	1.4205139	5.2162957	1
AATAT	31985	1.3942714	7.218713	5
GAAAT	32785	1.3939352	5.061262	3
TAGAT	29575	1.3592192	5.3385077	3
AAATC	28245	1.2024162	5.0880613	4
TCCAT	24345	1.1825787	5.152907	7
GATTG	22545	1.0923928	6.51218	5
CAATA	25435	1.0827918	5.0063257	4
TATAA	24085	1.0498992	6.109751	7
AACTT	22305	1.026391	5.035994	4
ATAAG	22545	0.95855635	5.204349	8
CTCGT	17760	0.90955096	5.0148044	1
TAAGC	16750	0.751782	5.3645744	9
TCAAT	15900	0.7316573	5.8753266	3
>>END_MODULE
