##FastQC	0.10.1
>>Basic Statistics	pass
#Measure	Value	
Filename	Sample-A_Rep1.R1.fastq.gz	
File type	Conventional base calls	
Encoding	Sanger / Illumina 1.9	
Total Sequences	118571	
Filtered Sequences	0	
Sequence length	100	
%GC	50	
>>END_MODULE
>>Per base sequence quality	pass
#Base	Mean	Median	Lower Quartile	Upper Quartile	10th Percentile	90th Percentile
1	32.92720817063194	34.0	31.0	34.0	31.0	34.0
2	33.12306550505604	34.0	33.0	34.0	31.0	34.0
3	33.18328259017804	34.0	33.0	34.0	31.0	34.0
4	36.50111747391858	37.0	37.0	37.0	35.0	37.0
5	36.431285896214085	37.0	37.0	37.0	35.0	37.0
6	36.40617014278365	37.0	37.0	37.0	35.0	37.0
7	36.409720758026836	37.0	37.0	37.0	35.0	37.0
8	36.410344856668154	37.0	37.0	37.0	35.0	37.0
9	38.23154902969529	39.0	39.0	39.0	37.0	39.0
10-14	38.52217152592118	39.4	39.2	39.4	37.0	39.4
15-19	39.7229271913031	41.0	40.0	41.0	37.0	41.0
20-24	39.629831915055114	41.0	39.8	41.0	37.0	41.0
25-29	39.44824451172715	41.0	39.0	41.0	36.4	41.0
30-34	39.19277732329153	40.4	38.8	41.0	35.8	41.0
35-39	38.83549771866645	40.0	38.0	41.0	35.0	41.0
40-44	38.682011621728755	40.0	38.0	41.0	35.0	41.0
45-49	38.499526865759755	40.0	37.4	41.0	34.8	41.0
50-54	38.01952922721408	39.6	36.0	41.0	34.0	41.0
55-59	37.402882661021664	38.8	35.0	41.0	33.2	41.0
60-64	36.6226800819762	37.0	35.0	40.2	32.8	41.0
65-69	35.83842423526832	35.6	35.0	39.2	32.0	41.0
70-74	35.1373337493991	35.0	34.4	37.6	31.2	40.2
75-79	33.92947854028388	34.8	33.2	36.0	29.6	38.8
80-84	34.02646515589815	35.0	34.0	35.4	31.0	37.2
85-89	33.56841554848994	35.0	34.0	35.0	30.0	36.2
90-94	33.173091228040576	35.0	34.0	35.0	30.0	35.8
95-99	32.72310261362391	35.0	33.2	35.0	29.0	35.0
100	32.41754729233961	35.0	33.0	35.0	29.0	35.0
>>END_MODULE
>>Per sequence quality scores	pass
#Quality	Count
8	3.0
9	3.0
10	6.0
11	10.0
12	18.0
13	16.0
14	25.0
15	26.0
16	46.0
17	41.0
18	59.0
19	58.0
20	75.0
21	102.0
22	111.0
23	159.0
24	214.0
25	271.0
26	370.0
27	551.0
28	744.0
29	1034.0
30	1355.0
31	1904.0
32	2549.0
33	3461.0
34	5229.0
35	9076.0
36	19767.0
37	33257.0
38	28758.0
39	9264.0
40	9.0
>>END_MODULE
>>Per base sequence content	fail
#Base	G	A	T	C
1	33.83084577114428	9.178217570889187	9.066720725743101	47.92421593222343
2	26.194994812621776	12.28860379395565	36.5613164975497	24.95508489587287
3	26.66840964485414	18.13006553035734	21.678994020460316	33.52253080432821
4	27.63741920240325	27.445023880647394	20.16100450610096	24.756552410848396
5	28.863718784525727	28.929502154827063	23.620446820892123	18.586332239755084
6	22.594900945425103	32.34433377470039	24.244545462212514	20.81621981766199
7	17.40897858666959	21.94971789054659	41.100269037117	19.541034485666817
8	21.640198699513373	21.436101576270758	29.206129660709617	27.71757006350625
9	21.571041823042734	20.237663509627144	33.157348761501545	25.033945905828574
10-14	25.342790395627933	25.872599539516404	24.53635374585691	24.24825631899874
15-19	24.73918316468443	24.691953600326556	25.401577804803583	25.167285430185427
20-24	24.794089617191386	24.64818547536919	25.581297281797404	24.97642762564202
25-29	24.990090325627683	24.925319007177134	25.811033051926696	24.27355761526849
30-34	24.582908130993246	25.878840525929615	24.691366354336218	24.84688498874092
35-39	25.501007834968075	24.808258343102445	24.904065918310547	24.786667903618927
40-44	25.734623137192063	25.10225940575689	24.691872380261614	24.471245076789433
45-49	25.425272621467304	26.174865692285636	24.28317210785099	24.116689578396066
50-54	25.536092299128793	24.905583996086733	24.58273945568478	24.975584249099693
55-59	25.16635602297358	25.612502213863426	24.279292575756298	24.9418491874067
60-64	24.425698868687075	25.868894545172395	24.92953541446333	24.7758711716772
65-69	24.695491708569413	24.979547635875388	24.960824234491206	25.364136421063993
70-74	25.664834849726915	25.393773171809585	24.287261281867035	24.654130696596464
75-79	25.232308068583382	24.556088756947315	25.027030218181512	25.18457295628779
80-84	25.533608838660705	25.410137471535805	24.55511512186894	24.501138567934554
85-89	25.586863566976746	24.562161068052053	24.72931829874084	25.12165706623036
90-94	25.051488137908933	24.89293334795186	25.137849895842994	24.917728618296213
95-99	25.31297756277262	24.58025078687164	25.686594001221213	24.420177649134526
100	25.631899874336895	24.68563139384841	23.93586964772162	25.746599084093074
>>END_MODULE
>>Per base GC content	fail
#Base	%GC
1	81.75506170336772
2	51.150079708494644
3	60.19094044918235
4	52.393971613251644
5	47.45005102428081
6	43.4111207630871
7	36.950013072336404
8	49.35776876301963
9	46.60498772887131
10-14	49.59104671462668
15-19	49.90646859486986
20-24	49.77051724283341
25-29	49.26364794089617
30-34	49.429793119734164
35-39	50.28767573858701
40-44	50.205868213981496
45-49	49.54196219986337
50-54	50.51167654822849
55-59	50.10820521038028
60-64	49.201570040364274
65-69	50.0596281296334
70-74	50.31896554632338
75-79	50.416881024871174
80-84	50.03474740659526
85-89	50.70852063320711
90-94	49.96921675620514
95-99	49.733155211907146
100	51.37849895842997
>>END_MODULE
>>Per sequence GC content	warn
#GC Content	Count
0	0.0
1	0.0
2	0.0
3	0.0
4	0.0
5	0.0
6	0.0
7	0.0
8	0.0
9	0.0
10	0.0
11	0.0
12	0.0
13	0.0
14	0.5
15	2.0
16	3.0
17	2.5
18	2.0
19	8.0
20	11.5
21	16.5
22	23.0
23	27.5
24	44.5
25	55.5
26	79.0
27	127.0
28	164.5
29	344.0
30	612.5
31	800.5
32	901.5
33	1073.0
34	1335.5
35	1652.0
36	2214.0
37	2790.0
38	3281.5
39	3170.0
40	2564.5
41	2377.0
42	2248.0
43	2272.0
44	2794.0
45	3218.5
46	3678.5
47	4033.5
48	4144.0
49	4238.0
50	4228.5
51	4704.5
52	5843.0
53	6108.0
54	5386.0
55	5008.0
56	4478.5
57	4039.0
58	3866.0
59	3492.0
60	3016.5
61	2665.0
62	2510.5
63	2380.0
64	2095.0
65	1728.0
66	1489.5
67	1243.5
68	987.5
69	759.5
70	612.0
71	471.5
72	342.5
73	245.5
74	173.5
75	130.5
76	79.0
77	53.5
78	46.5
79	31.5
80	20.5
81	14.5
82	7.0
83	2.5
84	1.5
85	1.0
86	0.0
87	0.0
88	0.0
89	0.0
90	0.0
91	0.0
92	0.0
93	0.0
94	0.0
95	0.0
96	0.0
97	0.0
98	0.0
99	0.0
100	0.0
>>END_MODULE
>>Per base N content	pass
#Base	N-Count
1	0.15349453070312302
2	0.011807271592547925
3	0.0
4	0.054819475251115364
5	0.0
6	0.0
7	0.0
8	0.0
9	0.0
10-14	0.0
15-19	0.0010120518507898222
20-24	0.0
25-29	0.0
30-34	0.0
35-39	0.0
40-44	0.0
45-49	0.0
50-54	0.0
55-59	0.0
60-64	6.747012338598814E-4
65-69	0.002361454318509585
70-74	1.6867530846497036E-4
75-79	0.0
80-84	8.433765423248518E-4
85-89	0.0
90-94	0.0
95-99	1.6867530846497036E-4
100	0.0
>>END_MODULE
>>Sequence Length Distribution	pass
#Length	Count
100	118571.0
>>END_MODULE
>>Sequence Duplication Levels	warn
#Total Duplicate Percentage	49.61752873805568
#Duplication Level	Relative count
1	100.0
2	7.355329014546611
3	1.9451279733507425
4	0.9491287098880129
5	0.5942516613937294
6	0.35152915181037514
7	0.3163762366293376
8	0.21091749108622507
9	0.18078642093105007
10++	1.8547347628852173
>>END_MODULE
>>Overrepresented sequences	warn
#Sequence	Count	Percentage	Possible Source
CTTATGTGATAGATGCCTCTTTAAAATATCTAAGTGCTGGGGTTATGAGT	444	0.37445918479223417	No Hit
CGCTTTGATATTCTCTGCATCCTATTTAGGGCTATTGATATTTAACAAAT	396	0.3339771107606413	No Hit
CCGCTTTGATATTCTCTGCATCCTATTTAGGGCTATTGATATTTAACAAA	388	0.3272300984220425	No Hit
CGGCTGTCGAGTTGTACGGCCGTTCAGCCACGAGTCACGGGGTCTAACGC	382	0.3221698391680934	No Hit
CTTTGATATTCTCTGCATCCTATTTAGGGCTATTGATATTTAACAAATAT	381	0.3213264626257685	No Hit
CTGAGACAGAGTCGCTATCGTTATGTCTCCTTCCCGCGGTCAAGGCGAAA	339	0.28590464784812475	No Hit
GCCTTATGTGATAGATGCCTCTTTAAAATATCTAAGTGCTGGGGTTATGA	295	0.24879607998583128	No Hit
GTAAAACGCAAGCACCGGCTGTCGAGTTGTACGGCCGTTCAGCCACGAGT	259	0.2184345244621366	No Hit
GGAAGCTATACTATATAGGTGGCTATCTATCCCTACCAAGGCTTATATTG	244	0.20578387632726383	No Hit
CTCAGACGCTGCCCTAACTGCGCAGTTAATAATTCTGGCAATTCGTCTCC	227	0.19144647510774138	No Hit
CCCATTTTTAGTTATAATGATGCCTTATGTGATAGATGCCTCTTTAAAAT	220	0.1855428393114674	No Hit
GCCTCACTTAGTTACAGTTTTATGGATAATTGGGATATTCTTTGGTATAG	193	0.16277167266869638	No Hit
CCGGGATCGGGCAAAGGGGCAACTCGAGCTAATCTCCCCAGCGGCTAGCA	184	0.15518128378777274	No Hit
GTCTCCTTCCCGCGGTCAAGGCGAAACCGCAGCAAACTTCCTCAGACGCT	179	0.15096440107614847	No Hit
GCCATTCGGACCTACCGTAAGCCTATATTTCGTTTTTCTGAGACCTATCC	173	0.14590414182219935	No Hit
CGACGAACAACGAAGAGCGACGATGCCCGTTTCAGGTGGTCCTCAGCGTA	173	0.14590414182219935	No Hit
CGGGGAACAGTCGCATGACGAGGCAGTTTCCAGAAACGTGTATCACATCT	160	0.13494024677197627	No Hit
GTTATGAGTAGGGATGAGCATAAACCAACAACTCTCAAAGAAGATGGGAA	160	0.13494024677197627	No Hit
CTCCTTCCCGCGGTCAAGGCGAAACCGCAGCAAACTTCCTCAGACGCTGC	160	0.13494024677197627	No Hit
CCCGTTTCAGGTGGTCCTCAGCGTACGGCGGGACCTCTGAGAATTGGGAT	160	0.13494024677197627	No Hit
CCGAGTTCAGTGCGACCGTACAGCTCTGGAACCCAAAGGTTCGTTTTTTT	154	0.12987998751802718	No Hit
CCTCACTTAGTTACAGTTTTATGGATAATTGGGATATTCTTTGGTATAGT	153	0.12903661097570232	No Hit
ATCACATCTAGGCATGGAATCTTATGCCAGCTAACGGAACAAGCTTTGTG	152	0.1281932344333775	No Hit
GGGATAATTGCGCGGTTTTGACTGCGGAAGGAAGCCAAGGCCCACCTAAA	150	0.12650648134872777	No Hit
GGACAACTGATGGACCCACGTTGCGAGTCCAGTAAATCAGGACGGGGATA	150	0.12650648134872777	No Hit
CGGACAACTGATGGACCCACGTTGCGAGTCCAGTAAATCAGGACGGGGAT	148	0.12481972826407807	No Hit
CTTACAAGTCCGCTCCTCGGGGAGCTTGATTGATAATTCTGTATAAGGTG	146	0.12313297517942837	No Hit
CTTTAAAATATCTAAGTGCTGGGGTTATGAGTAGGGATGAGCATAAACCA	145	0.12228959863710351	No Hit
AGGAGATGTTGGAACTCTACCAATTGGAGCTTTCTTAGCTGTCTTAGCAG	144	0.12144622209477865	No Hit
GCCCTAACTGCGCAGTTAATAATTCTGGCAATTCGTCTCCACACTAGAAG	142	0.11975946901012895	No Hit
GGGGTTATGAGTAGGGATGAGCATAAACCAACAACTCTCAAAGAAGATGG	142	0.11975946901012895	No Hit
GTGTACACCGCCCTTAGACGTCTTGGTATACGGACAACTGATGGACCCAC	139	0.1172293393831544	No Hit
GGCAGTTTCCAGAAACGTGTATCACATCTAGGCATGGAATCTTATGCCAG	137	0.1155425862985047	No Hit
GTCGAGACTGAAAAGCTATAACCCGCAGACCCGAGCGAAAGCGGCGGTCC	136	0.11469920975617984	No Hit
GGATAATTGCGCGGTTTTGACTGCGGAAGGAAGCCAAGGCCCACCTAAAG	134	0.11301245667153013	No Hit
CTCACTTAGTTACAGTTTTATGGATAATTGGGATATTCTTTGGTATAGTT	133	0.11216908012920529	No Hit
CTACGTTCTCCTACAAATGGACCTTGAGAGCTTGTTTGGAGGTTCTAGCA	131	0.11048232704455559	No Hit
CCCTGACCCCGGGGAACAGTCGCATGACGAGGCAGTTTCCAGAAACGTGT	127	0.10710882087525617	No Hit
CCTGACCCCGGGGAACAGTCGCATGACGAGGCAGTTTCCAGAAACGTGTA	127	0.10710882087525617	No Hit
CCGGGGAACAGTCGCATGACGAGGCAGTTTCCAGAAACGTGTATCACATC	124	0.10457869124828162	No Hit
CGCCAATCTATATTACTCACAATATCCTAAAAACGATCAGCCGGCAGGTT	124	0.10457869124828162	No Hit
CTGTGATCTACTAGCGCCAATCTATATTACTCACAATATCCTAAAAACGA	124	0.10457869124828162	No Hit
GTCGAGTTGTACGGCCGTTCAGCCACGAGTCACGGGGTCTAACGCCTACC	123	0.10373531470595676	No Hit
GTTTTTCTGAGACCTATCCGAGTTCAGTGCGACCGTACAGCTCTGGAACC	122	0.10289193816363192	No Hit
CTTTACAGCAAATACCAGCGGCCCTGACCCCGGGGAACAGTCGCATGACG	121	0.10204856162130706	No Hit
CTATATTTCGTTTTTCTGAGACCTATCCGAGTTCAGTGCGACCGTACAGC	119	0.10036180853665735	No Hit
>>END_MODULE
>>Kmer Content	warn
#Sequence	Count	Obs/Exp Overall	Obs/Exp Max	Max Obs/Exp Position
TTTTT	33430	2.9957144	7.102224	2
TCCAG	29030	2.6119153	5.1821494	7
CAGCT	26245	2.3613403	5.2281995	3
GGCAG	25970	2.3062983	6.150909	1
CTCCT	24345	2.1869192	7.5180545	1
GTTTT	23755	2.115735	5.2691994	1
CTGGG	23850	2.100062	6.6916633	1
GCAAA	22320	2.0410469	5.302121	55-59
CTCCA	22170	2.008577	6.2314935	1
CTGAG	22455	2.0063856	7.3920183	1
TCTTT	21940	1.9676759	5.6390367	5
CCCAG	21415	1.9283377	6.0202303	1
CTCAG	20490	1.8435462	8.482061	1
ATATT	19185	1.748741	5.3375278	8
TGAGA	18900	1.7018057	6.487626	2
CTGGA	18705	1.6713178	5.2861524	1
ATCTA	18175	1.658025	7.005728	6
GGAGC	17945	1.5936283	5.3493857	95-96
CTCAA	17255	1.5753776	6.060131	1
TTGAT	17415	1.5643344	5.7373652	3
AATTC	17080	1.558133	5.2980814	5
TTATG	17065	1.5328948	6.083753	2
CTTTG	16305	1.4533828	6.388204	1
ATTCT	16025	1.4494889	5.0360665	8
TTTGA	15660	1.4066882	5.6479917	6
GCTGT	15550	1.3776277	5.10549	3
GAACA	15010	1.3725857	5.091355	5
CGGGG	15635	1.3683077	5.135456	1
CTTAT	14220	1.2862235	5.829817	1
TGATA	14135	1.2805653	8.870594	7
GCTTT	14330	1.2773367	5.0512166	3
CCGGG	14220	1.2531303	6.35801	1
GATGT	14035	1.2530278	5.8706403	5
GAGAC	13895	1.2521597	5.323056	3
TCAGA	13100	1.1877642	5.2697577	2
AGACA	12745	1.1654633	5.269808	4
GTGAT	12695	1.1333942	5.827789	6
TAGTT	12305	1.1053191	6.596508	9
ATGTG	12225	1.0914332	5.3164873	4
GATAT	11850	1.073555	5.39193	5
CCCAT	10525	0.953553	5.098494	1
CCGCT	8910	0.79550505	5.0244017	1
TCGAG	7145	0.6384157	5.103462	7
>>END_MODULE
