##FastQC	0.10.1
>>Basic Statistics	pass
#Measure	Value	
Filename	Sample-A_Rep3.R1.fastq.gz	
File type	Conventional base calls	
Encoding	Sanger / Illumina 1.9	
Total Sequences	129786	
Filtered Sequences	0	
Sequence length	100	
%GC	50	
>>END_MODULE
>>Per base sequence quality	pass
#Base	Mean	Median	Lower Quartile	Upper Quartile	10th Percentile	90th Percentile
1	32.91442066170465	34.0	31.0	34.0	31.0	34.0
2	33.11350222674248	34.0	33.0	34.0	31.0	34.0
3	33.176267085818196	34.0	33.0	34.0	31.0	34.0
4	36.48532199158615	37.0	37.0	37.0	35.0	37.0
5	36.416516419336446	37.0	37.0	37.0	35.0	37.0
6	36.39249225648375	37.0	37.0	37.0	35.0	37.0
7	36.40783289414883	37.0	37.0	37.0	35.0	37.0
8	36.392345861649176	37.0	37.0	37.0	35.0	37.0
9	38.22248932858706	39.0	39.0	39.0	37.0	39.0
10-14	38.50433020510687	39.4	39.2	39.4	37.0	39.4
15-19	39.70631963385882	41.0	40.0	41.0	37.0	41.0
20-24	39.61693557086281	41.0	39.8	41.0	37.0	41.0
25-29	39.433683139938054	41.0	39.0	41.0	36.4	41.0
30-34	39.17611914998536	40.4	38.8	41.0	35.8	41.0
35-39	38.80933382645277	40.0	38.0	41.0	35.0	41.0
40-44	38.659538008722045	40.0	38.0	41.0	35.0	41.0
45-49	38.473211286271244	40.0	37.4	41.0	34.6	41.0
50-54	37.983323316844654	39.6	36.0	41.0	34.0	41.0
55-59	37.37245619712449	38.8	35.0	41.0	33.2	41.0
60-64	36.58798791857365	36.8	35.0	40.0	32.8	41.0
65-69	35.81024609742191	35.6	35.0	39.0	32.0	41.0
70-74	35.09435994637326	35.0	34.4	37.4	31.0	40.0
75-79	33.89577150077821	34.8	33.2	36.0	29.6	38.6
80-84	33.99134883577581	35.0	34.0	35.2	31.0	37.0
85-89	33.52580709783798	35.0	34.0	35.0	30.0	36.2
90-94	33.123611175319375	35.0	34.0	35.0	30.0	35.6
95-99	32.68793860662937	35.0	33.0	35.0	29.0	35.0
100	32.36348296426425	35.0	33.0	35.0	29.0	35.0
>>END_MODULE
>>Per sequence quality scores	pass
#Quality	Count
7	3.0
8	5.0
9	8.0
10	6.0
11	12.0
12	16.0
13	28.0
14	30.0
15	37.0
16	49.0
17	47.0
18	80.0
19	110.0
20	86.0
21	101.0
22	154.0
23	180.0
24	223.0
25	355.0
26	476.0
27	609.0
28	752.0
29	1184.0
30	1507.0
31	2001.0
32	2690.0
33	3783.0
34	5767.0
35	10135.0
36	21504.0
37	36602.0
38	31321.0
39	9922.0
40	3.0
>>END_MODULE
>>Per base sequence content	fail
#Base	G	A	T	C
1	35.39242615968643	9.30758309928706	8.650967562729546	46.649023178296964
2	26.551025283388174	12.26178825451379	36.21512071450038	24.972065747597654
3	26.717827808854576	18.28933783304825	21.67722250473857	33.315611853358604
4	27.892436145525757	27.520835100108705	20.45810236760749	24.12862638675805
5	29.175720031436363	28.810503444131108	23.521026921239578	18.492749603192948
6	22.59180497126038	32.26542154007366	23.98101490145316	21.1617585872128
7	17.313115436179558	22.272818331715285	40.82797836438445	19.586087867720707
8	21.554713143174148	21.72653444901607	29.259704436533983	27.45904797127579
9	21.85751930100319	20.10386328263449	33.12683956667129	24.91177784969103
10-14	25.488727597737814	25.85841307999322	24.26193888400906	24.390920438259904
15-19	24.95141905667443	24.714100570643087	25.231886358347833	25.10259401433465
20-24	24.79235048464395	24.70266438598924	25.62741744101829	24.877567688348513
25-29	25.06063828147874	24.87556439061224	25.69229346770838	24.37150386020064
30-34	24.63424406330421	25.816960226834944	24.741497542107776	24.80729816775307
35-39	25.45035674109688	24.803137472454654	24.87202009461729	24.87448569183117
40-44	25.876905059097282	25.05925138304594	24.613902886289736	24.44994067156704
45-49	25.553603624427907	25.96350916123465	24.293221148660102	24.189666065677347
50-54	25.45359283744009	24.90407285839767	24.608509392384388	25.033824911777852
55-59	25.183455842694897	25.56577751067141	24.315257423759114	24.93550922287458
60-64	24.424356552210885	25.857493766623623	24.95014839904704	24.768001282118455
65-69	24.709395953503353	24.925451567019618	24.894784614744488	25.47036786473254
70-74	25.694684156023474	25.28570195769022	24.27850239163667	24.741111494649637
75-79	25.400582497341777	24.509577304177647	24.931964926879633	25.157875271600943
80-84	25.459420725364645	25.368037416302595	24.579336276708045	24.593205581624712
85-89	25.581112234331083	24.638326594013513	24.631546180778145	25.149014990877262
90-94	25.0688055722497	24.829180343026213	25.196092028416007	24.90592205630808
95-99	25.461953464862873	24.606081713099584	25.537154295770414	24.394810526267126
100	25.455750235002235	24.78310449509192	24.101212765629576	25.659932504276274
>>END_MODULE
>>Per base GC content	fail
#Base	%GC
1	82.0414493379834
2	51.523091030985825
3	60.03343966221318
4	52.0210625322838
5	47.66846963462931
6	43.75356355847318
7	36.89920330390027
8	49.01376111444994
9	46.76929715069422
10-14	49.87964803599772
15-19	50.05401307100909
20-24	49.66991817299247
25-29	49.43214214167938
30-34	49.44154223105728
35-39	50.32484243292805
40-44	50.326845730664324
45-49	49.74326969010525
50-54	50.48741774921795
55-59	50.118965065569476
60-64	49.192357834329336
65-69	50.17976381823589
70-74	50.43579565067311
75-79	50.55845776894272
80-84	50.05262630698935
85-89	50.73012722520834
90-94	49.97472762855778
95-99	49.85676399113
100	51.1156827392785
>>END_MODULE
>>Per sequence GC content	warn
#GC Content	Count
0	0.0
1	0.0
2	0.0
3	0.0
4	0.0
5	0.0
6	0.0
7	0.0
8	0.0
9	0.0
10	0.0
11	0.0
12	0.0
13	0.0
14	0.0
15	0.0
16	2.5
17	3.5
18	2.0
19	3.0
20	8.5
21	21.0
22	24.0
23	24.5
24	47.5
25	69.5
26	86.5
27	120.0
28	183.0
29	402.0
30	654.0
31	817.0
32	928.5
33	1075.5
34	1389.0
35	1762.0
36	2370.0
37	3058.0
38	3601.0
39	3419.5
40	2795.5
41	2616.5
42	2538.0
43	2603.0
44	3065.5
45	3502.0
46	4041.0
47	4423.5
48	4513.5
49	4632.0
50	4630.0
51	5165.0
52	6445.5
53	6791.0
54	5892.0
55	5404.0
56	4939.5
57	4415.5
58	4111.5
59	3829.0
60	3445.0
61	2976.0
62	2701.5
63	2595.0
64	2346.0
65	1891.0
66	1592.5
67	1339.5
68	1062.0
69	832.0
70	680.0
71	522.0
72	382.0
73	293.0
74	222.5
75	166.0
76	106.5
77	64.0
78	50.5
79	42.0
80	27.0
81	11.0
82	6.0
83	3.0
84	2.0
85	1.5
86	1.0
87	0.0
88	0.0
89	0.0
90	0.0
91	0.0
92	0.0
93	0.0
94	0.0
95	0.0
96	0.0
97	0.0
98	0.0
99	0.0
100	0.0
>>END_MODULE
>>Per base N content	pass
#Base	N-Count
1	0.14023084153914905
2	0.013098485198711726
3	0.0
4	0.05932843295887076
5	0.0
6	0.0
7	0.0
8	0.0
9	0.0
10-14	0.0
15-19	0.002003297736273558
20-24	0.0
25-29	0.0
30-34	0.0
35-39	0.0
40-44	0.0
45-49	0.0
50-54	0.0
55-59	0.0
60-64	6.163993034687871E-4
65-69	0.0035442959949455255
70-74	3.0819965173439355E-4
75-79	0.0
80-84	0.0023114973880079513
85-89	3.0819965173439355E-4
90-94	0.0
95-99	1.5409982586719678E-4
100	0.0
>>END_MODULE
>>Sequence Length Distribution	pass
#Length	Count
100	129786.0
>>END_MODULE
>>Sequence Duplication Levels	fail
#Total Duplicate Percentage	50.17259180497126
#Duplication Level	Relative count
1	100.0
2	7.307983732545733
3	2.031885447432309
4	0.9540892854381543
5	0.5226615534491024
6	0.32009154308865145
7	0.32936955883035146
8	0.23658940141335105
9	0.19793100248960088
10++	1.8339544449427083
>>END_MODULE
>>Overrepresented sequences	warn
#Sequence	Count	Percentage	Possible Source
CTTATGTGATAGATGCCTCTTTAAAATATCTAAGTGCTGGGGTTATGAGT	445	0.34287211255451283	No Hit
CTTTGATATTCTCTGCATCCTATTTAGGGCTATTGATATTTAACAAATAT	433	0.333626123002481	No Hit
CCGCTTTGATATTCTCTGCATCCTATTTAGGGCTATTGATATTTAACAAA	412	0.3174456412864254	No Hit
CGCTTTGATATTCTCTGCATCCTATTTAGGGCTATTGATATTTAACAAAT	399	0.3074291526050576	No Hit
CGGCTGTCGAGTTGTACGGCCGTTCAGCCACGAGTCACGGGGTCTAACGC	375	0.28893717350099396	No Hit
CTGAGACAGAGTCGCTATCGTTATGTCTCCTTCCCGCGGTCAAGGCGAAA	357	0.27506818917294623	No Hit
GCCTTATGTGATAGATGCCTCTTTAAAATATCTAAGTGCTGGGGTTATGA	338	0.26042870571556254	No Hit
GTAAAACGCAAGCACCGGCTGTCGAGTTGTACGGCCGTTCAGCCACGAGT	317	0.24424822399950688	No Hit
GGAAGCTATACTATATAGGTGGCTATCTATCCCTACCAAGGCTTATATTG	265	0.20418226927403574	No Hit
CTCAGACGCTGCCCTAACTGCGCAGTTAATAATTCTGGCAATTCGTCTCC	263	0.20264127101536378	No Hit
GTTATGAGTAGGGATGAGCATAAACCAACAACTCTCAAAGAAGATGGGAA	214	0.16488681367790053	No Hit
GCCATTCGGACCTACCGTAAGCCTATATTTCGTTTTTCTGAGACCTATCC	199	0.1533293267378608	No Hit
GTCTCCTTCCCGCGGTCAAGGCGAAACCGCAGCAAACTTCCTCAGACGCT	195	0.15024733022051684	No Hit
GCCTCACTTAGTTACAGTTTTATGGATAATTGGGATATTCTTTGGTATAG	192	0.14793583283250888	No Hit
CCCATTTTTAGTTATAATGATGCCTTATGTGATAGATGCCTCTTTAAAAT	191	0.14716533370317292	No Hit
CCCGTTTCAGGTGGTCCTCAGCGTACGGCGGGACCTCTGAGAATTGGGAT	185	0.142542338927157	No Hit
GCCTCTTTAAAATATCTAAGTGCTGGGGTTATGAGTAGGGATGAGCATAA	184	0.14177183979782104	No Hit
CTTTAAAATATCTAAGTGCTGGGGTTATGAGTAGGGATGAGCATAAACCA	184	0.14177183979782104	No Hit
CTCCTTCCCGCGGTCAAGGCGAAACCGCAGCAAACTTCCTCAGACGCTGC	180	0.1386898432804771	No Hit
CTTACAAGTCCGCTCCTCGGGGAGCTTGATTGATAATTCTGTATAAGGTG	179	0.1379193441511411	No Hit
GGGATAATTGCGCGGTTTTGACTGCGGAAGGAAGCCAAGGCCCACCTAAA	178	0.13714884502180513	No Hit
GCCCTAACTGCGCAGTTAATAATTCTGGCAATTCGTCTCCACACTAGAAG	177	0.13637834589246914	No Hit
CTCACTTAGTTACAGTTTTATGGATAATTGGGATATTCTTTGGTATAGTT	177	0.13637834589246914	No Hit
GGGGTTATGAGTAGGGATGAGCATAAACCAACAACTCTCAAAGAAGATGG	175	0.13483734763379718	No Hit
CTTTGGTATAGTTGGGATTTTAATATCATTAATAGCATGATGGTGATTGT	172	0.13252585024578922	No Hit
ATCACATCTAGGCATGGAATCTTATGCCAGCTAACGGAACAAGCTTTGTG	172	0.13252585024578922	No Hit
AGGAGATGTTGGAACTCTACCAATTGGAGCTTTCTTAGCTGTCTTAGCAG	170	0.13098485198711726	No Hit
CTGTGATCTACTAGCGCCAATCTATATTACTCACAATATCCTAAAAACGA	167	0.1286733545991093	No Hit
GTGTACACCGCCCTTAGACGTCTTGGTATACGGACAACTGATGGACCCAC	167	0.1286733545991093	No Hit
CCGGGATCGGGCAAAGGGGCAACTCGAGCTAATCTCCCCAGCGGCTAGCA	166	0.1279028554697733	No Hit
CCTGACCCCGGGGAACAGTCGCATGACGAGGCAGTTTCCAGAAACGTGTA	163	0.1255913580817654	No Hit
CCGAGTTCAGTGCGACCGTACAGCTCTGGAACCCAAAGGTTCGTTTTTTT	161	0.1240503598230934	No Hit
GTCGAGACTGAAAAGCTATAACCCGCAGACCCGAGCGAAAGCGGCGGTCC	160	0.12327986069375742	No Hit
GGACAACTGATGGACCCACGTTGCGAGTCCAGTAAATCAGGACGGGGATA	157	0.12096836330574946	No Hit
CGGACAACTGATGGACCCACGTTGCGAGTCCAGTAAATCAGGACGGGGAT	152	0.11711586765906955	No Hit
CGGGGAACAGTCGCATGACGAGGCAGTTTCCAGAAACGTGTATCACATCT	149	0.11480437027106159	No Hit
GTTTTTCTGAGACCTATCCGAGTTCAGTGCGACCGTACAGCTCTGGAACC	149	0.11480437027106159	No Hit
CGCCAATCTATATTACTCACAATATCCTAAAAACGATCAGCCGGCAGGTT	148	0.11403387114172561	No Hit
CGACGAACAACGAAGAGCGACGATGCCCGTTTCAGGTGGTCCTCAGCGTA	148	0.11403387114172561	No Hit
GGCAGTTTCCAGAAACGTGTATCACATCTAGGCATGGAATCTTATGCCAG	145	0.11172237375371766	No Hit
CCGGGGAACAGTCGCATGACGAGGCAGTTTCCAGAAACGTGTATCACATC	143	0.11018137549504568	No Hit
CCCTGACCCCGGGGAACAGTCGCATGACGAGGCAGTTTCCAGAAACGTGT	140	0.10786987810703773	No Hit
GTCGGTTTAGCTGAGATTGCACCGTTGTTATAATCGACCCGGGCTGCGAC	138	0.10632887984836578	No Hit
CCAGAATTCAAGACGTTAACAGTTCTTGGCGCAAATAGCGCTGAATCGCT	137	0.10555838071902979	No Hit
GTCGGGGGCACCACACCACGCTCGCTTGGCAGTAACGCGAGCAGGGGGCG	134	0.10324688333102183	No Hit
GTGATAGATGCCTCTTTAAAATATCTAAGTGCTGGGGTTATGAGTAGGGA	132	0.10170588507234987	No Hit
CTGGGGTTATGAGTAGGGATGAGCATAAACCAACAACTCTCAAAGAAGAT	130	0.1001648868136779	No Hit
>>END_MODULE
>>Kmer Content	warn
#Sequence	Count	Obs/Exp Overall	Obs/Exp Max	Max Obs/Exp Position
TTTTT	36985	3.05751	6.6328607	2
TCCAG	31525	2.5933433	5.086292	65-69
GGCAG	27985	2.2484317	5.875708	1
CTCCT	26335	2.1744075	6.594441	1
TTCTT	25820	2.133636	5.47331	6
GTTTT	25660	2.0959673	5.6198688	1
CTGGG	26030	2.07489	6.059548	1
CTCCA	24250	2.018147	5.405515	1
GCAAA	24125	2.0170527	5.1847286	55-59
CTGAG	24695	2.008065	8.137562	1
CCCAG	23665	1.945957	6.1718245	1
CTCTG	23650	1.9302014	5.301118	1
CTCAG	23115	1.9015108	8.074159	1
GGGGA	23190	1.8417002	5.196601	1
ATATT	20775	1.7448182	5.5225115	6
TGAGA	20605	1.6894797	6.65747	2
ATCTA	19800	1.6622491	6.8499393	6
GCCTC	19845	1.6189905	5.063434	1
CTCAA	19115	1.6040838	6.096659	1
AATTC	18820	1.5799763	5.5202456	5
TTGAT	19150	1.5766313	6.090325	3
TTATG	18740	1.5428758	6.1706104	2
CTTTG	18035	1.4725357	7.149626	1
ATTCT	17625	1.468002	5.1569643	8
TTTGA	17750	1.4613683	5.4981713	2
CTTAT	15615	1.3005872	5.249658	1
TGATA	15500	1.2862532	8.403963	7
AATCT	15035	1.262218	5.1978955	5
GAGAC	15225	1.2478417	5.1574125	3
CCGGG	15620	1.2445825	5.5203605	1
TGCGC	15350	1.2378427	5.612185	9
GATGT	14980	1.2185932	6.286077	5
TCAGA	14210	1.17872	5.2605677	2
GTGAT	14020	1.1404991	5.309978	6
TAGTT	13315	1.096232	6.362006	9
ATGTG	13260	1.0786746	5.3880663	6
>>END_MODULE
