##FastQC	0.10.1
>>Basic Statistics	pass
#Measure	Value	
Filename	Sample-A_Rep1.R2.fastq.gz	
File type	Conventional base calls	
Encoding	Sanger / Illumina 1.9	
Total Sequences	118571	
Filtered Sequences	0	
Sequence length	100	
%GC	50	
>>END_MODULE
>>Per base sequence quality	pass
#Base	Mean	Median	Lower Quartile	Upper Quartile	10th Percentile	90th Percentile
1	32.72570021337427	34.0	31.0	34.0	31.0	34.0
2	32.83652832480117	34.0	31.0	34.0	31.0	34.0
3	32.85667659039731	34.0	31.0	34.0	31.0	34.0
4	36.2368116993194	37.0	37.0	37.0	35.0	37.0
5	36.21184775366658	37.0	37.0	37.0	35.0	37.0
6	36.224498401801455	37.0	37.0	37.0	35.0	37.0
7	36.25683345843419	37.0	37.0	37.0	35.0	37.0
8	36.246156311408356	37.0	37.0	37.0	35.0	37.0
9	38.03427482268008	39.0	39.0	39.0	35.0	39.0
10-14	38.29006924121412	39.4	39.2	39.4	35.4	39.4
15-19	39.420666098793134	41.0	39.0	41.0	36.2	41.0
20-24	39.29552757419605	41.0	39.0	41.0	36.0	41.0
25-29	39.10303193866965	40.6	39.0	41.0	35.8	41.0
30-34	38.84570257482858	40.0	38.2	41.0	35.0	41.0
35-39	38.5445412453298	40.0	38.0	41.0	34.2	41.0
40-44	38.105794840222316	40.0	37.6	41.0	33.2	41.0
45-49	38.00786532963372	40.0	37.0	41.0	33.2	41.0
50-54	36.83337072302671	38.6	34.8	40.0	32.0	40.6
55-59	37.09144731848428	38.6	35.0	41.0	33.0	41.0
60-64	36.34258629850469	36.6	35.0	39.8	32.2	41.0
65-69	35.52471346281975	35.4	35.0	38.8	31.2	41.0
70-74	34.84649872228454	35.0	34.0	37.2	31.0	40.4
75-79	34.197989390323094	35.0	34.0	36.0	30.2	39.0
80-84	33.56160275278104	35.0	34.0	35.2	29.8	37.2
85-89	33.04382521864537	35.0	33.2	35.0	29.0	36.0
90-94	32.5897917703317	35.0	33.0	35.0	28.8	35.8
95-99	32.03787098025655	35.0	33.0	35.0	27.0	35.0
100	31.655683092830458	35.0	33.0	35.0	26.0	35.0
>>END_MODULE
>>Per sequence quality scores	pass
#Quality	Count
2	30.0
3	12.0
4	18.0
5	16.0
6	19.0
7	20.0
8	21.0
9	50.0
10	47.0
11	65.0
12	62.0
13	68.0
14	65.0
15	70.0
16	94.0
17	111.0
18	114.0
19	140.0
20	153.0
21	165.0
22	217.0
23	254.0
24	324.0
25	447.0
26	582.0
27	718.0
28	929.0
29	1200.0
30	1570.0
31	2090.0
32	2688.0
33	3852.0
34	5483.0
35	9336.0
36	20934.0
37	34236.0
38	23518.0
39	8849.0
40	4.0
>>END_MODULE
>>Per base sequence content	fail
#Base	G	A	T	C
1	28.512271232183522	14.500295184279329	12.398583115459221	44.58885046807793
2	24.70334230123723	21.640198699513373	33.439879903180376	20.21657909606902
3	22.324177075338827	23.490566833374096	28.17805365561562	26.007202435671456
4	25.619249226202022	31.904934596149143	20.268025065150837	22.207791112497997
5	27.860944075701475	31.79698239873156	20.10862689865144	20.23344662691552
6	21.626704674836176	35.2700070000253	20.5075440031711	22.59574432196743
7	20.389471287245616	17.36596638301102	37.393629133599276	24.85093319614408
8	21.50610182928372	22.12851371751946	25.987804775197983	30.377579677998835
9	23.43574735812298	21.005136163142758	28.703477241484006	26.855639237250255
10-14	25.22589993101133	25.530360916992635	22.817200274605256	26.426538877390776
15-19	25.837177724738762	24.82951143196903	24.45218476693289	24.881126076359312
20-24	25.155223452614887	25.055536345312092	24.331075895455044	25.458164306617974
25-29	25.400140000506028	24.986042118224525	24.26849735601454	25.345320525254913
30-34	25.56502202063581	24.745425931892054	24.355109951370746	25.334442096101395
35-39	25.340597616617895	24.010086783446205	24.624908282801023	26.02440731713488
40-44	25.514670534953744	24.26748530416375	24.936114226918892	25.281729933963614
45-49	25.683514518727176	24.371389294178172	24.887704413389447	25.057391773705206
50-54	24.69102900371929	24.579534624823946	25.251537053748386	25.477899317708374
55-59	24.834740366531445	24.655775864250113	25.245633417952114	25.26385035126633
60-64	24.881294751667777	24.75411356908519	24.979801131811318	25.384790547435713
65-69	24.80572821347547	24.740956895024922	25.232476743891848	25.22083814760776
70-74	24.607197375412202	24.48946201010365	24.9057526713952	25.997587943088952
75-79	24.54208870634472	25.166187347665115	25.130596857579	25.161127088411163
80-84	24.99886144166786	24.988740923159963	24.86139106526891	25.151006569903267
85-89	24.728812272815446	25.153705374838705	24.862571792428163	25.254910559917686
90-94	24.55929358780815	25.134813740290628	25.015728972514356	25.290163699386863
95-99	24.784812475225813	25.474019785613685	24.794764318425248	24.946403420735255
100	25.552622479358362	24.3356301287836	24.8855116343794	25.226235757478644
>>END_MODULE
>>Per base GC content	fail
#Base	%GC
1	73.10112170026144
2	44.919921397306254
3	48.33137951101028
4	47.82704033870002
5	48.094390702617
6	44.22244899680361
7	45.2404044833897
8	51.88368150728255
9	50.29138659537323
10-14	51.65243880840211
15-19	50.718303801098074
20-24	50.613387759232864
25-29	50.74546052576093
30-34	50.89946411673721
35-39	51.36500493375278
40-44	50.796400468917355
45-49	50.740906292432385
50-54	50.168928321427664
55-59	50.09859071779778
60-64	50.266085299103494
65-69	50.02656636108323
70-74	50.60478531850116
75-79	49.703215794755884
80-84	50.14986801157113
85-89	49.98372283273313
90-94	49.849457287195015
95-99	49.731215895961064
100	50.778858236836996
>>END_MODULE
>>Per sequence GC content	warn
#GC Content	Count
0	0.0
1	0.0
2	0.0
3	0.0
4	0.0
5	0.0
6	0.0
7	0.0
8	0.0
9	0.0
10	0.0
11	0.0
12	0.0
13	0.0
14	0.5
15	4.0
16	4.5
17	2.5
18	5.0
19	6.5
20	5.5
21	10.5
22	21.5
23	35.5
24	40.0
25	47.0
26	85.0
27	110.0
28	175.0
29	257.5
30	422.5
31	901.0
32	1175.5
33	1110.0
34	1357.5
35	1833.5
36	2122.5
37	2444.5
38	2875.5
39	2838.5
40	2928.0
41	2665.5
42	2107.5
43	2192.0
44	2597.5
45	2986.5
46	3409.0
47	3891.0
48	4087.5
49	4205.5
50	4254.0
51	4420.5
52	5036.0
53	5601.0
54	5644.0
55	5213.5
56	4828.5
57	4496.5
58	4345.0
59	3960.5
60	3205.0
61	2748.0
62	2476.0
63	2392.5
64	2075.0
65	1697.5
66	1444.0
67	1241.5
68	1038.0
69	801.0
70	646.0
71	517.5
72	405.0
73	323.5
74	233.0
75	165.0
76	124.5
77	95.5
78	70.0
79	47.5
80	30.5
81	16.0
82	8.5
83	6.5
84	2.5
85	0.0
86	0.0
87	0.0
88	0.0
89	0.0
90	0.0
91	0.0
92	0.0
93	0.0
94	0.0
95	0.0
96	0.0
97	0.0
98	0.0
99	0.0
100	0.0
>>END_MODULE
>>Per base N content	pass
#Base	N-Count
1	8.433765423248518E-4
2	0.0
3	0.0
4	0.0
5	0.0
6	0.0
7	0.0
8	0.0
9	0.0
10-14	6.747012338598814E-4
15-19	0.0
20-24	0.0
25-29	0.0
30-34	3.373506169299407E-4
35-39	0.0
40-44	0.0
45-49	0.0
50-54	0.0
55-59	0.0
60-64	0.0
65-69	0.0
70-74	0.0
75-79	0.0
80-84	0.0
85-89	0.0
90-94	0.0
95-99	0.0
100	0.0
>>END_MODULE
>>Sequence Length Distribution	pass
#Length	Count
100	118571.0
>>END_MODULE
>>Sequence Duplication Levels	fail
#Total Duplicate Percentage	50.28718908934491
#Duplication Level	Relative count
1	100.0
2	6.957805262890009
3	1.7492068339525966
4	0.8381262618550754
5	0.5649717514124294
6	0.45129875638350214
7	0.31217658336302406
8	0.2443121087188884
9	0.21377309512902734
10++	2.208988649666616
>>END_MODULE
>>Overrepresented sequences	warn
#Sequence	Count	Percentage	Possible Source
CTTCAATATAAGCCTTGGTAGGGATAGATAGCCACCTATATAGTATAGCT	532	0.44867632051682116	No Hit
CTTAGATATTTTAAAGAGGCATCTATCACATAAGGCATCATTATAACTAA	315	0.2656636108323283	No Hit
CCTAACTTAATGGACGGGAGGTATCCCAATAGGAGGTTTCCTCCTATGGT	287	0.24204906764723247	No Hit
CTTCCATTTCCGCCCAAGCTGCTCACAGTATACGGGCGTCGGCATCCAGA	241	0.20325374670028926	No Hit
CTCGTAACCAAACATGCACAGCGGTCAAACAGTATGTCCCAAGGGGACTT	220	0.1855428393114674	No Hit
CTTCACTGCCCCCTTTCAGCCTTTTGGGTCCTGTATCCCAATTCTCAGAG	219	0.18469946276914254	No Hit
CGAATAGCTCGTAACCAAACATGCACAGCGGTCAAACAGTATGTCCCAAG	214	0.1804825800575183	No Hit
CCCTAACTTAATGGACGGGAGGTATCCCAATAGGAGGTTTCCTCCTATGG	213	0.1796392035151934	No Hit
CCCAATTATCCATAAAACTGTAACTAAGTGAGGCTCTCTCATTGGTTTAT	210	0.17710907388821887	No Hit
CATTAATTAGGGCTGAAAGCCCTAACTTAATGGACGGGAGGTATCCCAAT	187	0.1577114134147473	No Hit
CTCTCATTGGTTTATACTTCAATATAAGCCTTGGTAGGGATAGATAGCCA	183	0.15433790724544788	No Hit
CTGAGGACCACCTGAAACGGGCATCGTCGCTCTTCGTTGTTCGTCGACTT	180	0.15180777761847333	No Hit
CTAACTTAATGGACGGGAGGTATCCCAATAGGAGGTTTCCTCCTATGGTT	178	0.15012102453382362	No Hit
CGGGCGTCGGCATCCAGACCGTCGGCTGATCGTGGTTTTACTAGGCTAGA	168	0.1416872591105751	No Hit
CTGAACTCGGATAGGTCTCAGAAAAACGAAATATAGGCTTACGGTAGGTC	165	0.13915712948360054	No Hit
GCTGCTCACAGTATACGGGCGTCGGCATCCAGACCGTCGGCTGATCGTGG	163	0.13747037639895085	No Hit
AAAAAAACGAACCTTTGGGTTCCAGAGCTGTACGGTCGCACTGAACTCGG	161	0.13578362331430113	No Hit
CTCTCTCATTGGTTTATACTTCAATATAAGCCTTGGTAGGGATAGATAGC	159	0.13409687022965142	No Hit
CTGTAACTAAGTGAGGCTCTCTCATTGGTTTATACTTCAATATAAGCCTT	149	0.12566310480640291	No Hit
CCTGAAACGGGCATCGTCGCTCTTCGTTGTTCGTCGACTTCTAGTGTGGA	146	0.12313297517942837	No Hit
CAATTATCCATAAAACTGTAACTAAGTGAGGCTCTCTCATTGGTTTATAC	144	0.12144622209477865	No Hit
GGGATAGATAGCCACCTATATAGTATAGCTTCCCATCTTCTTTGAGAGTT	141	0.1189160924678041	No Hit
GCTGAAAGCCCTAACTTAATGGACGGGAGGTATCCCAATAGGAGGTTTCC	138	0.11638596284082954	No Hit
CTAGCGTACGAGCACTATGGTCAGTAATTCCTGGAGGAATAGGTACCAAG	137	0.1155425862985047	No Hit
GGCTGAAAGCCCTAACTTAATGGACGGGAGGTATCCCAATAGGAGGTTTC	131	0.11048232704455559	No Hit
GGCCGATTGTCGCAGCCCGGGTCGATTATAACAACGGTGCAATCTCAGCT	129	0.10879557395990587	No Hit
TCCATTTCCGCCCAAGCTGCTCACAGTATACGGGCGTCGGCATCCAGACC	127	0.10710882087525617	No Hit
CTTATACAGAATTATCAATCAAGCTCCCCGAGGAGCGGACTTGTAAGGAC	125	0.10542206779060646	No Hit
GTTTATTGGAAGCATCAACCTGCGCCGTCTTGTTAACTTGTCATATCGCG	124	0.10457869124828162	No Hit
>>END_MODULE
>>Kmer Content	warn
#Sequence	Count	Obs/Exp Overall	Obs/Exp Max	Max Obs/Exp Position
AAAAA	31205	2.9346251	7.764209	2
CCTGG	27145	2.376273	5.63056	1
CTGCC	25395	2.1794825	5.272971	6
AAGAA	23080	2.1525507	5.0586696	2
AAAAC	23185	2.1199389	5.222801	4
CTCAG	23125	2.0412638	7.2028875	1
GAAAA	20810	1.9408398	6.356912	2
CCCAA	21690	1.8747841	6.5552473	1
CTGAA	19390	1.7603843	5.403705	1
CTGAG	19470	1.7530115	5.661485	1
ATATT	18020	1.7008119	5.3459363	6
ATATA	17210	1.6224004	6.515983	6
AATAT	16845	1.5879914	8.325978	5
TATCC	17305	1.5421416	5.389686	7
CTTCA	17250	1.5372401	10.052193	1
ATTGG	16265	1.5080281	5.874482	6
TTCAA	16110	1.4765916	8.359085	2
TAGAT	15450	1.4444242	6.3722806	3
TATTT	15035	1.4207878	5.7152686	7
TCCAT	15640	1.3937644	5.945765	7
TATAA	14765	1.3919083	7.2399807	7
AGATA	14585	1.3619097	5.5578127	4
TAACT	13635	1.2497411	5.235428	4
ATCCA	13950	1.2416596	5.8958673	6
ATAAG	13250	1.237251	6.1407456	8
CAATA	10960	1.0033469	5.097284	4
TTAGA	9410	0.87974304	5.070899	2
TCAAT	9500	0.87074	6.0713363	3
TAAGC	9225	0.83752173	5.4910936	9
>>END_MODULE
