##FastQC	0.10.1
>>Basic Statistics	pass
#Measure	Value	
Filename	Sample-B_Rep1.R1.fastq.gz	
File type	Conventional base calls	
Encoding	Sanger / Illumina 1.9	
Total Sequences	227392	
Filtered Sequences	0	
Sequence length	100	
%GC	49	
>>END_MODULE
>>Per base sequence quality	pass
#Base	Mean	Median	Lower Quartile	Upper Quartile	10th Percentile	90th Percentile
1	32.407072368421055	34.0	31.0	34.0	31.0	34.0
2	32.566391957500706	34.0	31.0	34.0	31.0	34.0
3	32.55975144244301	34.0	31.0	34.0	31.0	34.0
4	36.05479964114833	37.0	35.0	37.0	35.0	37.0
5	35.965917886293276	37.0	35.0	37.0	35.0	37.0
6	35.92861226428371	37.0	35.0	37.0	35.0	37.0
7	35.95877603433718	37.0	35.0	37.0	35.0	37.0
8	35.954523466085	37.0	35.0	37.0	35.0	37.0
9	37.68398624401914	39.0	37.0	39.0	35.0	39.0
10-14	37.87236226428371	39.2	37.2	39.4	35.0	39.4
15-19	38.93154112721644	40.0	38.0	41.0	35.0	41.0
20-24	38.84091260906276	40.0	38.0	41.0	35.0	41.0
25-29	38.62148712355755	40.0	38.0	41.0	34.0	41.0
30-34	38.38143910075992	40.0	38.0	41.0	33.8	41.0
35-39	38.049283176189135	40.0	37.4	41.0	33.0	41.0
40-44	37.66873768646214	39.8	36.6	41.0	32.2	41.0
45-49	37.390977694905715	39.0	36.0	41.0	32.0	41.0
50-54	37.07689804390655	39.0	35.0	40.6	31.4	41.0
55-59	36.652789016324235	37.8	35.0	40.0	31.0	41.0
60-64	35.92331480439066	36.6	34.6	39.8	30.8	41.0
65-69	35.13647006051224	35.2	34.0	38.8	30.0	40.8
70-74	34.41304707289614	35.0	33.6	37.0	29.2	39.6
75-79	33.14318709541233	34.6	32.2	35.2	28.0	37.8
80-84	33.35045296228539	35.0	33.0	35.0	29.0	36.8
85-89	32.88839537010976	35.0	33.0	35.0	29.0	36.0
90-94	32.48983781311568	35.0	33.0	35.0	27.2	35.2
95-99	32.03379802279764	35.0	33.0	35.0	27.0	35.0
100	31.692790423585702	35.0	33.0	35.0	26.0	35.0
>>END_MODULE
>>Per sequence quality scores	pass
#Quality	Count
7	1.0
8	8.0
9	16.0
10	31.0
11	29.0
12	59.0
13	64.0
14	73.0
15	94.0
16	121.0
17	149.0
18	183.0
19	217.0
20	232.0
21	285.0
22	367.0
23	542.0
24	689.0
25	972.0
26	1380.0
27	1866.0
28	2580.0
29	3559.0
30	4620.0
31	6152.0
32	8015.0
33	10609.0
34	14695.0
35	21795.0
36	37451.0
37	55576.0
38	43732.0
39	11217.0
40	13.0
>>END_MODULE
>>Per base sequence content	fail
#Base	G	A	T	C
1	39.649317530159486	10.552626594962188	7.3347339490757255	42.4633219258026
2	25.73552047143674	12.867320462641278	37.362680856677954	24.034478209244032
3	24.926118772868	18.681835772586545	23.61428722206586	32.77775823247959
4	28.437074837420028	26.719473051572084	21.660451129143755	23.183000981864133
5	28.087179848015758	29.973349985927385	23.820978750351816	18.118491415705037
6	21.60937939769209	32.24519772023642	25.083116380523503	21.062306501547987
7	16.509815648747537	22.229453982549956	42.817249507458484	18.44348086124402
8	20.70829228820715	21.273395721925134	31.238126231353785	26.78018575851393
9	20.482690683929075	20.277318463270475	33.91983886856178	25.32015198423867
10-14	24.633760202645654	25.99335068955812	25.311004784688997	24.061884323107233
15-19	24.355914016324235	24.79805797917253	26.229418801013228	24.616609203490007
20-24	24.248610329299183	24.667534477905996	26.686163101604276	24.397692091190542
25-29	24.48116028708134	24.686268646214465	26.954774134534198	23.877796932169996
30-34	23.860206163805234	26.01041373487194	25.913752462707574	24.215627638615256
35-39	24.64967984801576	24.73226850548832	25.95852096819589	24.65953067830003
40-44	25.17537996059668	24.888826343934703	25.858077680833098	24.07771601463552
45-49	24.97370180129468	25.534759358288774	25.454545454545453	24.036993385871096
50-54	24.91231001970166	24.36048761609907	26.13821066704194	24.58899169715733
55-59	24.536483253588518	24.8869793132564	25.619810723332392	24.956726709822686
60-64	23.96621162240679	25.150950913797242	26.093728973516196	24.789108490279773
65-69	24.200056994290016	24.60306291536348	25.97092587575948	25.22595421458702
70-74	24.933506427711986	24.71793004454014	25.608293050190333	24.74027047755754
75-79	24.40384886011821	24.572104559527162	25.90627638615255	25.117770194202084
80-84	24.53915692852205	24.376263261497108	26.327117221871376	24.757462588109465
85-89	24.7724634112018	24.495320855614974	25.74655220940051	24.98566352378272
90-94	24.546246130030962	24.364885308190264	26.228979031804112	24.85988952997467
95-99	24.93935529266898	24.174150138528518	26.557720216368352	24.32877435243414
100	24.979330847171404	24.390479876160992	25.164913453419647	25.465275823247957
>>END_MODULE
>>Per base GC content	fail
#Base	%GC
1	82.11263945596208
2	49.76999868068077
3	57.70387700534759
4	51.62007581928416
5	46.2056712637208
6	42.67168589924008
7	34.95329650999155
8	47.488478046721085
9	45.80284266816775
10-14	48.69564452575288
15-19	48.97252321981424
20-24	48.64630242048973
25-29	48.35895721925134
30-34	48.07583380242049
35-39	49.30921052631579
40-44	49.2530959752322
45-49	49.01069518716577
50-54	49.50130171685899
55-59	49.4932099634112
60-64	48.75532011268656
65-69	49.426011208877036
70-74	49.67377690526953
75-79	49.52161905432029
80-84	49.29661951663151
85-89	49.75812693498452
90-94	49.40613566000563
95-99	49.26812964510312
100	50.44460667041937
>>END_MODULE
>>Per sequence GC content	warn
#GC Content	Count
0	0.0
1	0.0
2	0.0
3	0.0
4	0.0
5	0.0
6	0.0
7	0.0
8	0.0
9	0.0
10	0.0
11	0.5
12	0.5
13	0.5
14	1.5
15	3.0
16	3.0
17	4.5
18	5.5
19	10.5
20	21.5
21	32.5
22	36.5
23	48.0
24	85.0
25	122.5
26	171.0
27	241.5
28	358.5
29	777.5
30	1240.0
31	1556.5
32	1718.0
33	2010.5
34	2527.5
35	3023.0
36	4010.5
37	5006.0
38	5755.5
39	5573.5
40	4881.5
41	4920.5
42	5048.5
43	5544.0
44	6997.5
45	8155.0
46	9665.0
47	10532.5
48	10267.5
49	9358.0
50	8324.5
51	9039.5
52	10160.0
53	10291.0
54	9323.5
55	9107.0
56	8066.0
57	6578.0
58	6279.0
59	6219.5
60	5950.0
61	5153.0
62	4661.0
63	4202.5
64	3356.0
65	2508.5
66	1987.0
67	1646.0
68	1368.0
69	1039.5
70	742.5
71	546.5
72	408.5
73	280.5
74	173.5
75	102.0
76	67.5
77	41.5
78	24.5
79	16.5
80	7.5
81	2.0
82	2.5
83	2.0
84	0.0
85	0.0
86	0.0
87	0.0
88	0.0
89	0.0
90	0.0
91	0.0
92	0.0
93	0.0
94	0.0
95	0.0
96	0.0
97	0.0
98	0.0
99	0.0
100	0.0
>>END_MODULE
>>Per base N content	pass
#Base	N-Count
1	0.15347945398254995
2	8.795384182381087E-4
3	0.0
4	0.12005699408950182
5	0.0
6	0.0
7	0.0
8	0.0
9	0.0
10-14	0.0
15-19	0.0
20-24	0.0
25-29	0.0
30-34	0.0
35-39	0.0
40-44	0.0
45-49	0.0
50-54	0.0
55-59	0.0
60-64	8.795384182381086E-5
65-69	3.5181536729524343E-4
70-74	7.036307345904869E-4
75-79	0.0
80-84	0.0019349845201238392
85-89	0.0
90-94	0.0
95-99	8.795384182381087E-4
100	0.0
>>END_MODULE
>>Sequence Length Distribution	pass
#Length	Count
100	227392.0
>>END_MODULE
>>Sequence Duplication Levels	fail
#Total Duplicate Percentage	60.01750281452294
#Duplication Level	Relative count
1	100.0
2	9.377784132780448
3	2.683766512313429
4	1.2868880407404555
5	0.7930310063024517
6	0.5158551206045074
7	0.4047647854636647
8	0.2760759813896191
9	0.262877129689717
10++	2.5055820143647503
>>END_MODULE
>>Overrepresented sequences	warn
#Sequence	Count	Percentage	Possible Source
CCAGAATTCAAGACGTTAACAGTTCTTGGCGCAAATAGCGCTGAATCGCT	1065	0.4683542077117928	No Hit
CTTTGATATTCTCTGCATCCTATTTAGGGCTATTGATATTTAACAAATAT	619	0.27221714044469464	No Hit
GTTGATTTCATGAATGCGATTTCTGATATGGCGGCGGTCGGTTTCCAGTT	569	0.25022867998874193	No Hit
CTTATGTGATAGATGCCTCTTTAAAATATCTAAGTGCTGGGGTTATGAGT	560	0.2462707571066704	No Hit
GCCTTATGTGATAGATGCCTCTTTAAAATATCTAAGTGCTGGGGTTATGA	522	0.22955952716014635	No Hit
GCCTTCTCTCGTTCTCGCCCGCTTTGCAAAAATATCTAATATCAATTGCG	475	0.2088903743315508	No Hit
GTCGGAAGATCCTGAATAAATCCTACTGTATCTGAAAGAAGAACACTGTA	442	0.194377990430622	No Hit
CTTCTCTCGTTCTCGCCCGCTTTGCAAAAATATCTAATATCAATTGCGTG	417	0.18338376020264566	No Hit
GGAAGCTATACTATATAGGTGGCTATCTATCCCTACCAAGGCTTATATTG	387	0.17019068392907402	No Hit
CGCTTTGATATTCTCTGCATCCTATTTAGGGCTATTGATATTTAACAAAT	381	0.16755206867435968	No Hit
CCGCTTTGATATTCTCTGCATCCTATTTAGGGCTATTGATATTTAACAAA	356	0.15655783844638332	No Hit
CTCAATTTGAAGTTTGCCTTCTCTCGTTCTCGCCCGCTTTGCAAAAATAT	353	0.1552385308190262	No Hit
CCGGGATCGGGCAAAGGGGCAACTCGAGCTAATCTCCCCAGCGGCTAGCA	336	0.14776245426400225	No Hit
GTAAAACGCAAGCACCGGCTGTCGAGTTGTACGGCCGTTCAGCCACGAGT	336	0.14776245426400225	No Hit
GTTATGAGTAGGGATGAGCATAAACCAACAACTCTCAAAGAAGATGGGAA	334	0.14688291584576413	No Hit
CAGAATTCAAGACGTTAACAGTTCTTGGCGCAAATAGCGCTGAATCGCTT	333	0.1464431466366451	No Hit
GGTCAATCATCTTCACTTCAATTGCTGTTGCCAATGACTTCAGCTGACTT	332	0.14600337742752603	No Hit
CTTCACTTCAATTGCTGTTGCCAATGACTTCAGCTGACTTGGCGACAGTT	329	0.14468406980016887	No Hit
GTCAGCACTCGTCAGGCGGTTGAACCATGTTGATTTCCCTGCGTTTGTAT	324	0.1424852237545736	No Hit
CGGCTGTCGAGTTGTACGGCCGTTCAGCCACGAGTCACGGGGTCTAACGC	314	0.13808753166338306	No Hit
GCCTCACTTAGTTACAGTTTTATGGATAATTGGGATATTCTTTGGTATAG	304	0.1336898395721925	No Hit
GTCGGTTTAGCTGAGATTGCACCGTTGTTATAATCGACCCGGGCTGCGAC	304	0.1336898395721925	No Hit
CAATGACTTCAGCTGACTTGGCGACAGTTCATCATTAAAGATGAGGAGAT	293	0.12885237827188292	No Hit
GGAAGATCCTGAATAAATCCTACTGTATCTGAAAGAAGAACACTGTAGCC	292	0.12841260906276386	No Hit
CTCAAATTTCGCACTGACCATAATGTGATCCCTTCCGGCGGTCGGTATAA	286	0.12577399380804954	No Hit
ATCGGGTCCAGCGTGGCAAACAGGAGGTCTTCTTCATAGCTGTCAGCACT	283	0.12445468618069239	No Hit
CCGGGACCTCTTGCCCCAATTCCTCCGCCTTGCCGGGAAAGGTTGATCCC	282	0.12401491697157332	No Hit
GTCCAGCGTGGCAAACAGGAGGTCTTCTTCATAGCTGTCAGCACTCGTCA	281	0.12357514776245426	No Hit
GTCGGGGGCACCACACCACGCTCGCTTGGCAGTAACGCGAGCAGGGGGCG	276	0.121376301716859	No Hit
GTTTATTGAGTGCAGGGAGAAGGGCTTGATGCCTTGGGGTGGGAGGAGAG	273	0.12005699408950182	No Hit
CTGAGACAGAGTCGCTATCGTTATGTCTCCTTCCCGCGGTCAAGGCGAAA	268	0.11785814804390657	No Hit
CCCATTTTTAGTTATAATGATGCCTTATGTGATAGATGCCTCTTTAAAAT	264	0.11609907120743033	No Hit
CTGTGATCTACTAGCGCCAATCTATATTACTCACAATATCCTAAAAACGA	261	0.11477976358007318	No Hit
GTCGGTTTCCAGTTTCGTTTCCCCGGGACCTCTTGCCCCAATTCCTCCGC	261	0.11477976358007318	No Hit
AGGAGATGTTGGAACTCTACCAATTGGAGCTTTCTTAGCTGTCTTAGCAG	257	0.11302068674359696	No Hit
CTGCGTTTGTATAGCCGACAAGCGCAATTTGAAGCACACCGTTTTTCTTT	256	0.11258091753447791	No Hit
CCGCATAATCCTCATTTGAAGAATCAATTAAATGCAGAATTAAATCCGCT	254	0.1117013791162398	No Hit
CTCAAGCGTTGAGCGGAATGCAGCAATCAATGTCGTCGGAAGATCCTGAA	252	0.1108218406980017	No Hit
GTGCGGTCAATCATCTTCACTTCAATTGCTGTTGCCAATGACTTCAGCTG	251	0.11038207148888263	No Hit
GGCAGGTTCATTTTAAACGCGGTGACTAGGATGCTCATTTGAATGTCCCC	249	0.10950253307064452	No Hit
CTTTAAAATATCTAAGTGCTGGGGTTATGAGTAGGGATGAGCATAAACCA	244	0.10730368702504926	No Hit
GTCTTCTTCATAGCTGTCAGCACTCGTCAGGCGGTTGAACCATGTTGATT	241	0.10598437939769209	No Hit
CTCGTTCTCGCCCGCTTTGCAAAAATATCTAATATCAATTGCGTGCGGTC	238	0.10466507177033493	No Hit
CAGCAATCAATGTCGTCGGAAGATCCTGAATAAATCCTACTGTATCTGAA	235	0.10334576414297776	No Hit
GTCGGTATAAAATCAGGCAGTTTTTGATCACGTTTATTGTAAGCCGTCAG	234	0.1029059949338587	No Hit
GTCTGCGATAGGCTAGTTCATAAACGAGGGGCGATGCCCGGGCTCAGAAT	231	0.10158668730650156	No Hit
GGTTTATTGAGTGCAGGGAGAAGGGCTTGATGCCTTGGGGTGGGAGGAGA	230	0.1011469180973825	No Hit
>>END_MODULE
>>Kmer Content	warn
#Sequence	Count	Obs/Exp Overall	Obs/Exp Max	Max Obs/Exp Position
CAGCT	59805	2.845709	5.761679	3
GGCAG	50385	2.5488842	8.71675	1
TCAGC	53420	2.5418909	5.761679	2
CAGCA	49965	2.5287666	5.2616177	1
CTTCA	56255	2.5231802	6.436749	6
TTTTT	65095	2.449477	5.1530704	2
TCCAG	50775	2.4160333	5.4354835	7
TTCTT	60055	2.3922722	5.2386603	6
CTTCT	55460	2.3387141	6.73842	1
TCTTC	54035	2.2786226	5.6873746	7
CAATT	48785	2.1985056	5.3918285	3
GGAAG	41605	2.1146982	5.6756234	1
CTCAA	37735	1.8002025	7.8528233	1
CCCAG	35165	1.7713298	5.091325	1
GTCAG	37105	1.7693571	7.459146	1
TTGAT	41420	1.7586986	5.855429	2
CTCCA	36500	1.7330687	5.096247	1
CTCAG	34700	1.6511346	5.954551	1
ATCTA	36460	1.6430769	5.6885967	6
TTCAT	37825	1.6026189	7.6462307	7
TTTGA	37695	1.6005347	5.115208	6
GCCTT	35145	1.5722684	6.330429	1
CAGAA	29935	1.5222157	7.061392	2
GTTGA	33785	1.5218475	7.436423	1
CCGGG	29945	1.5077144	6.324963	1
GCCAG	29520	1.4901677	5.1994243	1
ATTTC	34420	1.4583516	6.0600452	5
TTCAA	31985	1.4414102	9.430526	7
TCAAG	29410	1.4060543	7.02161	8
AATTC	30435	1.3715593	8.846526	5
TTTCA	32300	1.3685285	5.8363514	6
CTTTG	31555	1.3335075	5.390088	1
AGAAT	25430	1.2215393	7.455197	3
GATAT	26575	1.2001747	5.093863	5
CCAGA	23645	1.1966914	7.7462707	1
CAATC	25045	1.1948079	6.2121487	4
TGATA	25840	1.166981	5.3756523	7
GATTT	27310	1.1595862	5.8554296	4
TGATT	25790	1.0950471	5.3249736	3
CAAGA	21450	1.0907475	6.809408	9
GTCGG	22025	1.0475504	9.110973	1
GAATT	20945	0.9459139	7.3781195	4
ATTCA	18405	0.82942486	8.911414	6
>>END_MODULE
