##FastQC	0.10.1
>>Basic Statistics	pass
#Measure	Value	
Filename	Trimmed_Sample-A_Rep1.R2.fastq.gz	
File type	Conventional base calls	
Encoding	Sanger / Illumina 1.9	
Total Sequences	109919	
Filtered Sequences	0	
Sequence length	90	
%GC	50	
>>END_MODULE
>>Per base sequence quality	pass
#Base	Mean	Median	Lower Quartile	Upper Quartile	10th Percentile	90th Percentile
1	38.3127666736415	39.0	39.0	39.0	37.0	39.0
2	38.29776471765573	39.0	39.0	39.0	37.0	39.0
3	38.27853237383892	39.0	39.0	39.0	37.0	39.0
4	39.87920195780529	41.0	40.0	41.0	38.0	41.0
5	39.8584958014538	41.0	40.0	41.0	38.0	41.0
6	39.81964901427415	41.0	40.0	41.0	38.0	41.0
7	39.80695785078103	41.0	40.0	41.0	38.0	41.0
8	39.789372174055444	41.0	40.0	41.0	38.0	41.0
9	39.77996524713653	41.0	40.0	41.0	38.0	41.0
10-14	39.70479534930267	41.0	40.0	41.0	37.4	41.0
15-19	39.5481217987791	41.0	39.0	41.0	37.0	41.0
20-24	39.33792156042177	40.2	39.0	41.0	36.2	41.0
25-29	39.07657456854592	40.0	38.2	41.0	35.6	41.0
30-34	38.69745721849726	40.0	38.0	41.0	34.8	41.0
35-39	38.62425240404298	40.0	37.8	41.0	34.8	41.0
40-44	37.483890865091574	38.8	35.6	40.0	33.4	40.6
45-49	37.75244134317087	38.8	35.2	41.0	34.0	41.0
50-54	37.03331908041376	37.0	35.0	40.2	33.6	41.0
55-59	36.258954320909034	35.6	35.0	39.0	33.0	41.0
60-64	35.630953702271675	35.0	35.0	37.6	33.0	40.6
65-69	35.03512404588834	35.0	34.4	36.2	32.0	39.0
70-74	34.477620793493394	35.0	34.0	35.4	31.6	37.4
75-79	34.067744429989354	35.0	34.0	35.0	31.0	36.2
80-84	33.77273446810834	35.0	34.0	35.0	31.0	35.8
85-89	33.58743256397893	35.0	33.6	35.0	30.0	35.0
90	33.53694083825362	35.0	33.0	35.0	30.0	35.0
>>END_MODULE
>>Per sequence quality scores	pass
#Quality	Count
24	4.0
25	25.0
26	56.0
27	132.0
28	300.0
29	528.0
30	846.0
31	1437.0
32	2137.0
33	3212.0
34	4883.0
35	8612.0
36	18513.0
37	30977.0
38	24111.0
39	13860.0
40	286.0
>>END_MODULE
>>Per base sequence content	pass
#Base	G	A	T	C
1	27.019896469218242	24.307899453233745	19.329688224965658	29.342515852582356
2	26.859846244825548	21.099940863394444	24.286039212118453	27.75417367966156
3	23.278050200602262	24.075000682320617	25.4714835469755	27.175465570101622
4	23.337184654154424	25.91453706820477	25.48422019850981	25.264058079130997
5	24.7118332590362	25.16398438850426	25.449649287202398	24.674533065257144
6	25.58793293243206	24.338831321245642	25.76260701061691	24.310628735705382
7	25.65161619010362	25.22129932040866	24.02223455453561	25.1048499349521
8	25.649796668455867	26.292087810114722	23.92216086390888	24.13595465752054
9	26.467671649123446	23.99221244734759	24.14232298328769	25.39779292024127
10-14	24.92253386584667	25.24149601069879	24.535885515697924	25.300084607756624
15-19	25.14942821532219	25.167077575305452	24.458191941338622	25.225302268033733
20-24	25.316370477789928	24.92171479622193	24.55544375565191	25.20647097033623
25-29	25.08992985744048	24.16725042986199	24.875772159499267	25.86704755319826
30-34	25.264785887790097	24.446001146298638	25.167077575305452	25.12213539060581
35-39	25.47548649460057	24.52806157261256	25.095388422383756	24.901063510403116
40-44	24.42343907786643	24.728027001701253	25.503507127976054	25.345026792456267
45-49	24.560994914436996	24.860488177658095	25.462385938736702	25.116130969168204
50-54	24.559175392789236	24.93981932150038	25.234035971942976	25.26696931376741
55-59	24.54225384146508	24.89560494545984	25.4669347428561	25.09520647021898
60-64	24.310446783540606	24.659976892075072	25.118678299475068	25.91089802490925
65-69	24.240577152266667	25.32246472402405	25.39251630746277	25.04444181624651
70-74	24.701280033479197	25.170534666436197	25.069733167150353	25.05845213293425
75-79	24.402514578917202	25.333017949581055	25.11977001246372	25.144697459038017
80-84	24.2109189494082	25.30354169888736	25.30718074218288	25.178358609521556
85-89	24.332099091148937	25.722577534366213	25.095934278878083	24.849389095606764
90	25.37777818211592	24.48621257471411	24.98476150620002	25.15124773696995
>>END_MODULE
>>Per base GC content	warn
#Base	%GC
1	56.362412321800605
2	54.6140199244871
3	50.45351577070388
4	48.601242733285424
5	49.38636632429335
6	49.89856166813745
7	50.756466125055724
8	49.7857513259764
9	51.86546456936472
10-14	50.22261847360328
15-19	50.374730483355926
20-24	50.52284144812616
25-29	50.95697741063875
30-34	50.38692127839591
35-39	50.376550005003686
40-44	49.76846587032269
45-49	49.6771258836052
50-54	49.82614470655665
55-59	49.63746031168406
60-64	50.221344808449864
65-69	49.28501896851318
70-74	49.75973216641345
75-79	49.54721203795523
80-84	49.389277558929756
85-89	49.1814881867557
90	50.52902591908587
>>END_MODULE
>>Per sequence GC content	warn
#GC Content	Count
0	0.0
1	0.0
2	0.0
3	0.0
4	0.0
5	0.0
6	0.0
7	0.0
8	0.0
9	0.0
10	0.0
11	0.0
12	0.0
13	1.5
14	4.0
15	4.5
16	2.5
17	5.0
18	8.0
19	10.5
20	14.0
21	15.0
22	22.5
23	42.0
24	57.5
25	79.5
26	128.0
27	202.0
28	328.0
29	644.0
30	879.0
31	914.0
32	1157.5
33	1375.5
34	1693.0
35	2051.0
36	2475.0
37	3210.5
38	3125.5
39	2520.0
40	2361.0
41	2236.5
42	2724.0
43	3108.5
44	3208.5
45	3447.5
46	3476.5
47	3928.5
48	4604.5
49	4794.0
50	4642.0
51	4608.5
52	4968.5
53	5380.5
54	5085.5
55	4584.0
56	4604.5
57	4741.5
58	4176.0
59	3480.0
60	3278.0
61	3062.5
62	2571.5
63	2166.0
64	1908.0
65	1589.5
66	1277.5
67	1028.0
68	812.0
69	644.5
70	565.0
71	488.0
72	362.0
73	270.0
74	183.5
75	110.0
76	69.5
77	54.5
78	40.0
79	22.5
80	15.0
81	12.5
82	7.5
83	3.0
84	1.5
85	1.0
86	0.0
87	0.0
88	0.0
89	0.0
90	0.0
91	0.0
92	0.0
93	0.0
94	0.0
95	0.0
96	0.0
97	0.0
98	0.0
99	0.0
100	0.0
>>END_MODULE
>>Per base N content	pass
#Base	N-Count
1	0.0
2	0.003639043295517609
3	0.0
4	0.0
5	0.0
6	0.0
7	0.0
8	0.0
9	0.0
10-14	0.0
15-19	0.0
20-24	3.6390432955176084E-4
25-29	0.0
30-34	0.0
35-39	0.0
40-44	0.0
45-49	0.0
50-54	0.0
55-59	0.0
60-64	0.0
65-69	0.0
70-74	0.0
75-79	0.0
80-84	0.0
85-89	0.0
90	0.0
>>END_MODULE
>>Sequence Length Distribution	pass
#Length	Count
90	109919.0
>>END_MODULE
>>Sequence Duplication Levels	fail
#Total Duplicate Percentage	50.9134580391586
#Duplication Level	Relative count
1	100.0
2	6.896871293001186
3	1.7960409252669038
4	0.8896797153024911
5	0.5801453143534994
6	0.47820284697508897
7	0.3280693950177936
8	0.26319691577698695
9	0.22056642941874258
10++	2.322434756820878
>>END_MODULE
>>Overrepresented sequences	warn
#Sequence	Count	Percentage	Possible Source
AGCCTTGGTAGGGATAGATAGCCACCTATATAGTATAGCTTCCCATCTTC	522	0.4748951500650479	No Hit
TTAAAGAGGCATCTATCACATAAGGCATCATTATAACTAAAAATGGGATA	308	0.2802063337548559	No Hit
TGGACGGGAGGTATCCCAATAGGAGGTTTCCTCCTATGGTTTTCAAAACA	283	0.25746231315787077	No Hit
CGCCCAAGCTGCTCACAGTATACGGGCGTCGGCATCCAGACCGTCGGCTG	221	0.20105714207734787	No Hit
AACATGCACAGCGGTCAAACAGTATGTCCCAAGGGGACTTAAGCGCGGTG	209	0.19014001219079504	No Hit
CATAAAACTGTAACTAAGTGAGGCTCTCTCATTGGTTTATACTTCAATAT	209	0.19014001219079504	No Hit
ATGGACGGGAGGTATCCCAATAGGAGGTTTCCTCCTATGGTTTTCAAAAC	207	0.18832049054303623	No Hit
CCCTTTCAGCCTTTTGGGTCCTGTATCCCAATTCTCAGAGGTCCCGCCGT	201	0.18286192559975983	No Hit
GTAACCAAACATGCACAGCGGTCAAACAGTATGTCCCAAGGGGACTTAAG	200	0.18195216477588042	No Hit
GGCTGAAAGCCCTAACTTAATGGACGGGAGGTATCCCAATAGGAGGTTTC	184	0.16739599159381	No Hit
TTTATACTTCAATATAAGCCTTGGTAGGGATAGATAGCCACCTATATAGT	181	0.16466670912217177	No Hit
GGACGGGAGGTATCCCAATAGGAGGTTTCCTCCTATGGTTTTCAAAACAA	174	0.15829838335501598	No Hit
CCTGAAACGGGCATCGTCGCTCTTCGTTGTTCGTCGACTTCTAGTGTGGA	164	0.14920077511622196	No Hit
ATAGGTCTCAGAAAAACGAAATATAGGCTTACGGTAGGTCCGAATGGCAC	157	0.1428324493490661	No Hit
GGTTTATACTTCAATATAAGCCTTGGTAGGGATAGATAGCCACCTATATA	156	0.14192268852518672	No Hit
CATCCAGACCGTCGGCTGATCGTGGTTTTACTAGGCTAGACTAGCGTACG	152	0.1382836452296691	No Hit
GTATACGGGCGTCGGCATCCAGACCGTCGGCTGATCGTGGTTTTACTAGG	151	0.1373738844057897	No Hit
ACCTTTGGGTTCCAGAGCTGTACGGTCGCACTGAACTCGGATAGGTCTCA	149	0.13555436275803093	No Hit
GTGAGGCTCTCTCATTGGTTTATACTTCAATATAAGCCTTGGTAGGGATA	144	0.13100555863863392	No Hit
TAAAACTGTAACTAAGTGAGGCTCTCTCATTGGTTTATACTTCAATATAA	143	0.1300957978147545	No Hit
GCCACCTATATAGTATAGCTTCCCATCTTCTTTGAGAGTTGTTGGTTTAT	138	0.1255469936953575	No Hit
GCATCGTCGCTCTTCGTTGTTCGTCGACTTCTAGTGTGGAGACGAATTGC	136	0.12372747204759868	No Hit
CTAACTTAATGGACGGGAGGTATCCCAATAGGAGGTTTCCTCCTATGGTT	134	0.12190795039983988	No Hit
CCTAACTTAATGGACGGGAGGTATCCCAATAGGAGGTTTCCTCCTATGGT	130	0.11826890710432228	No Hit
ATTATCAATCAAGCTCCCCGAGGAGCGGACTTGTAAGGACCGCCGCTTTC	119	0.10826153804164886	No Hit
CCCAAGCTGCTCACAGTATACGGGCGTCGGCATCCAGACCGTCGGCTGAT	118	0.10735177721776945	No Hit
CGCAGCCCGGGTCGATTATAACAACGGTGCAATCTCAGCTAAACCGACGC	117	0.10644201639389003	No Hit
GAAACTGCCTCGTCATGCGACTGTTCCCCGGGGTCAGGGCCGCTGGTATT	114	0.10371273392225185	No Hit
AGCATCAACCTGCGCCGTCTTGTTAACTTGTCATATCGCGCACGTAGTAG	113	0.10280297309837244	No Hit
TCGCGTATAGGGACGCCCCCTGCTCGCGTTACTGCCAAGCGAGCGTGGTG	113	0.10280297309837244	No Hit
CTAGGCTAGACTAGCGTACGAGCACTATGGTCAGTAATTCCTGGAGGAAT	113	0.10280297309837244	No Hit
AAAGCCCTAACTTAATGGACGGGAGGTATCCCAATAGGAGGTTTCCTCCT	110	0.10007369062673423	No Hit
>>END_MODULE
>>Kmer Content	warn
#Sequence	Count	Obs/Exp Overall	Obs/Exp Max	Max Obs/Exp Position
GGAGG	22120	2.476157	5.0541754	7
CCTTT	17425	1.8472142	5.6526737	2
AGCCT	16120	1.7294438	5.9052615	1
GAGGT	15020	1.6677572	5.0132594	8
TTGGT	15175	1.6649249	6.4633026	5
GCCTT	14825	1.5844165	5.790725	2
CCTTG	14580	1.5582321	5.8823733	3
CTTGG	14070	1.5297816	5.7505374	4
GGTAG	10925	1.2130656	6.111402	7
TGGTA	10670	1.1751604	5.6830564	6
TAGGG	10490	1.1647651	5.633949	9
GTAGG	9175	1.018753	5.633949	8
>>END_MODULE
