##FastQC	0.10.1
>>Basic Statistics	pass
#Measure	Value	
Filename	Trimmed_Sample-A_Rep1.R1.fastq.gz	
File type	Conventional base calls	
Encoding	Sanger / Illumina 1.9	
Total Sequences	112236	
Filtered Sequences	0	
Sequence length	90	
%GC	49	
>>END_MODULE
>>Per base sequence quality	pass
#Base	Mean	Median	Lower Quartile	Upper Quartile	10th Percentile	90th Percentile
1	38.392841868919064	39.0	39.0	39.0	37.0	39.0
2	38.387415802416335	39.0	39.0	39.0	37.0	39.0
3	38.36957838839588	39.0	39.0	39.0	37.0	39.0
4	39.978206636016964	41.0	40.0	41.0	38.0	41.0
5	39.96861969421576	41.0	40.0	41.0	38.0	41.0
6	39.967416871592	41.0	40.0	41.0	38.0	41.0
7	39.933800206707296	41.0	40.0	41.0	38.0	41.0
8	39.903399978616484	41.0	40.0	41.0	38.0	41.0
9	39.95118322106989	41.0	40.0	41.0	38.0	41.0
10-14	39.86048683131972	41.0	40.0	41.0	38.0	41.0
15-19	39.711261983677254	41.0	39.8	41.0	37.4	41.0
20-24	39.487412238497456	40.8	39.0	41.0	36.6	41.0
25-29	39.164825902562455	40.0	38.4	41.0	35.6	41.0
30-34	39.020430165009444	40.0	38.0	41.0	35.0	41.0
35-39	38.85227199828931	40.0	37.8	41.0	35.0	41.0
40-44	38.395265333761	39.8	36.4	41.0	34.8	41.0
45-49	37.806924694393956	39.0	35.2	41.0	34.0	41.0
50-54	37.057017356284966	37.2	35.0	40.2	33.6	41.0
55-59	36.30648989628996	35.8	35.0	39.2	33.0	41.0
60-64	35.63843686517695	35.0	35.0	37.8	32.6	40.4
65-69	34.476873730353894	34.8	33.6	36.0	31.0	38.8
70-74	34.59237499554511	35.0	34.0	35.6	32.0	37.2
75-79	34.20359599415518	35.0	34.0	35.0	31.6	36.2
80-84	33.93051427349514	35.0	34.0	35.0	31.0	35.8
85-89	33.771388859189564	35.0	34.0	35.0	31.0	35.0
90	33.732581346448555	35.0	34.0	35.0	31.0	35.0
>>END_MODULE
>>Per sequence quality scores	pass
#Quality	Count
24	1.0
25	5.0
26	25.0
27	80.0
28	212.0
29	457.0
30	791.0
31	1341.0
32	1980.0
33	2982.0
34	4822.0
35	8414.0
36	17483.0
37	29438.0
38	28224.0
39	15453.0
40	528.0
>>END_MODULE
>>Per base sequence content	pass
#Base	G	A	T	C
1	27.850244128443634	24.90110125093553	20.407890516411847	26.840764104208986
2	26.94679069104387	20.60034213621298	27.277344167646746	25.175523005096405
3	23.71788018104708	23.978937239388433	25.9212730318258	26.38190954773869
4	24.387005951744538	25.296696247193413	26.589507822801956	23.726789978260097
5	24.32374639153213	24.922484764246768	25.81791938415482	24.93584946006629
6	23.997647813535764	24.678356320610142	25.65308813571403	25.670907730140062
7	24.54827328130012	25.49182080615845	24.964360811147937	24.995545101393493
8	24.55404080905284	24.285841575336363	26.711218034393656	24.44889958121714
9	25.770697458925834	24.264050750204923	24.412844363662284	25.55240742720696
10-14	24.656260023521863	24.69991802986564	25.733098114686907	24.910723831925587
15-19	24.83944545422146	25.006949641826154	25.97562279482519	24.177982109127196
20-24	24.43903916746855	25.94711144374354	24.80915214369721	24.8046972450907
25-29	25.338037706261808	24.887558359171745	25.043301614455256	24.731102320111194
30-34	25.613528636088244	25.160732741722796	24.815389001746322	24.410349620442638
35-39	25.260700666452827	26.283723582451263	24.385223992301935	24.07035175879397
40-44	25.423037171673972	24.97540895969208	24.72290530667522	24.87864856195873
45-49	25.00588046616059	25.716882283759222	24.403221782672226	24.87401546740796
50-54	24.265384601677187	25.95397538748846	25.05978495236805	24.7208550584663
55-59	24.488439435113822	25.111061611796675	25.10981422907293	25.29068472401657
60-64	25.475828568068298	25.487767717608822	24.429460118785627	24.606943595537253
65-69	25.020136141701414	24.641291564204	25.164653052496526	25.173919241598064
70-74	25.362719137243438	25.50688016992826	24.700006058683694	24.430394634144605
75-79	25.383834063936707	24.643073523646603	24.92034641291564	25.052745999501052
80-84	24.851919170319682	24.990733810898462	25.302576713354004	24.85477030542785
85-89	24.98757081073953	24.706020717097395	25.910983839381018	24.395424632782053
90	25.496275704764958	24.799529562707153	24.00655761074878	25.69763712177911
>>END_MODULE
>>Per base GC content	pass
#Base	%GC
1	54.69100823265263
2	52.122313696140274
3	50.09978972878577
4	48.113795930004635
5	49.25959585159842
6	49.66855554367582
7	49.54381838269361
8	49.002940390269984
9	51.32310488613279
10-14	49.56698385544745
15-19	49.01742756334866
20-24	49.24373641255925
25-29	50.069140026373006
30-34	50.023878256530885
35-39	49.3310524252468
40-44	50.30168573363271
45-49	49.879895933568555
50-54	48.98623966014348
55-59	49.7791241591304
60-64	50.08277216360555
65-69	50.19405538329947
70-74	49.79311377138804
75-79	50.43658006343775
80-84	49.70668947574753
85-89	49.38299544352159
90	51.193912826544064
>>END_MODULE
>>Per sequence GC content	warn
#GC Content	Count
0	0.0
1	0.0
2	0.0
3	0.0
4	0.0
5	0.0
6	0.0
7	0.0
8	0.0
9	0.0
10	0.0
11	0.0
12	0.5
13	1.0
14	2.5
15	3.5
16	4.5
17	7.5
18	11.0
19	15.5
20	18.0
21	23.5
22	27.5
23	46.0
24	71.5
25	85.0
26	149.0
27	367.5
28	561.5
29	709.5
30	826.0
31	806.0
32	985.5
33	1305.0
34	1775.5
35	2156.0
36	2402.0
37	3287.5
38	3524.5
39	2908.5
40	2725.0
41	2587.0
42	2552.5
43	2876.0
44	3355.5
45	3704.0
46	3727.5
47	4300.0
48	4960.5
49	4685.0
50	4387.0
51	5047.5
52	5933.0
53	5678.5
54	5000.5
55	4618.0
56	4317.5
57	3728.5
58	3506.5
59	3376.0
60	2995.0
61	2900.0
62	2622.5
63	2359.0
64	1979.0
65	1587.5
66	1391.5
67	1112.5
68	833.5
69	651.0
70	572.0
71	511.0
72	374.0
73	248.0
74	167.5
75	113.5
76	69.5
77	44.0
78	35.0
79	20.0
80	9.0
81	11.0
82	9.5
83	4.0
84	1.0
85	0.0
86	0.0
87	0.0
88	0.0
89	0.0
90	0.0
91	0.0
92	0.0
93	0.0
94	0.0
95	0.0
96	0.0
97	0.0
98	0.0
99	0.0
100	0.0
>>END_MODULE
>>Per base N content	pass
#Base	N-Count
1	0.0
2	0.0
3	0.0
4	0.0
5	0.0
6	0.0
7	0.0
8	0.005345878327809259
9	0.0
10-14	0.0
15-19	0.0
20-24	0.0
25-29	0.0
30-34	0.0
35-39	0.0
40-44	0.0
45-49	0.0
50-54	3.563918885206173E-4
55-59	8.909797213015431E-4
60-64	1.7819594426030864E-4
65-69	0.0
70-74	3.563918885206173E-4
75-79	0.0
80-84	0.0
85-89	1.7819594426030864E-4
90	0.0
>>END_MODULE
>>Sequence Length Distribution	pass
#Length	Count
90	112236.0
>>END_MODULE
>>Sequence Duplication Levels	fail
#Total Duplicate Percentage	52.15617092554974
#Duplication Level	Relative count
1	100.0
2	7.4509292711087936
3	1.9479310216395396
4	0.9683787105665016
5	0.5959253603486163
6	0.38921375097769007
7	0.30168721367648704
8	0.22719654363290998
9	0.19740027561547915
10++	2.132295429997393
>>END_MODULE
>>Overrepresented sequences	warn
#Sequence	Count	Percentage	Possible Source
AGATGCCTCTTTAAAATATCTAAGTGCTGGGGTTATGAGTAGGGATGAGC	461	0.4107416515200114	No Hit
TTCTCTGCATCCTATTTAGGGCTATTGATATTTAACAAATATCCAGCAAA	398	0.3546099290780142	No Hit
ATTCTCTGCATCCTATTTAGGGCTATTGATATTTAACAAATATCCAGCAA	379	0.33768131437328486	No Hit
CTCTGCATCCTATTTAGGGCTATTGATATTTAACAAATATCCAGCAAAGG	372	0.3314444563241741	No Hit
GTTGTACGGCCGTTCAGCCACGAGTCACGGGGTCTAACGCCTACCAGTAC	368	0.3278805374389679	No Hit
GTCGCTATCGTTATGTCTCCTTCCCGCGGTCAAGGCGAAACCGCAGCAAA	338	0.3011511457999216	No Hit
ATAGATGCCTCTTTAAAATATCTAAGTGCTGGGGTTATGAGTAGGGATGA	315	0.28065861220998606	No Hit
CTATATAGGTGGCTATCTATCCCTACCAAGGCTTATATTGAAGTATAAAC	270	0.24056452475141663	No Hit
AGCACCGGCTGTCGAGTTGTACGGCCGTTCAGCCACGAGTCACGGGGTCT	237	0.21116219394846572	No Hit
GTTATAATGATGCCTTATGTGATAGATGCCTCTTTAAAATATCTAAGTGC	220	0.1960155386863395	No Hit
GCCCTAACTGCGCAGTTAATAATTCTGGCAATTCGTCTCCACACTAGAAG	214	0.19066966035853025	No Hit
GTTACAGTTTTATGGATAATTGGGATATTCTTTGGTATAGTTGGGATTTT	207	0.18443280230941944	No Hit
CGCGGTCAAGGCGAAACCGCAGCAAACTTCCTCAGACGCTGCCCTAACTG	193	0.17195908621119785	No Hit
CCTACCGTAAGCCTATATTTCGTTTTTCTGAGACCTATCCGAGTTCAGTG	189	0.16839516732599166	No Hit
GCAAAGGGGCAACTCGAGCTAATCTCCCCAGCGGCTAGCATGTGTAGTGC	180	0.16037634983427776	No Hit
TATTCTCTGCATCCTATTTAGGGCTATTGATATTTAACAAATATCCAGCA	179	0.15948537011297623	No Hit
ATATTCTCTGCATCCTATTTAGGGCTATTGATATTTAACAAATATCCAGC	174	0.1550304715064685	No Hit
GGAACTCTACCAATTGGAGCTTTCTTAGCTGTCTTAGCAGTAGTTTATAA	167	0.14879361345735773	No Hit
CGGTCAAGGCGAAACCGCAGCAAACTTCCTCAGACGCTGCCCTAACTGCG	162	0.14433871485085	No Hit
TCGCATGACGAGGCAGTTTCCAGAAACGTGTATCACATCTAGGCATGGAA	161	0.14344773512954845	No Hit
CGAAGAGCGACGATGCCCGTTTCAGGTGGTCCTCAGCGTACGGCGGGACC	161	0.14344773512954845	No Hit
GGCATGGAATCTTATGCCAGCTAACGGAACAAGCTTTGTGCCATTCGGAC	160	0.14255675540824692	No Hit
TTACAGTTTTATGGATAATTGGGATATTCTTTGGTATAGTTGGGATTTTA	158	0.14077479596564382	No Hit
GGGATGAGCATAAACCAACAACTCTCAAAGAAGATGGGAAGCTATACTAT	154	0.13721087708043764	No Hit
CGCGGTTTTGACTGCGGAAGGAAGCCAAGGCCCACCTAAAGTATGCTGCA	152	0.13542891763783454	No Hit
GTGGTCCTCAGCGTACGGCGGGACCTCTGAGAATTGGGATACAGGACCCA	149	0.13275597847392995	No Hit
GTAGGGATGAGCATAAACCAACAACTCTCAAAGAAGATGGGAAGCTATAC	145	0.12919205958872376	No Hit
TGGACCCACGTTGCGAGTCCAGTAAATCAGGACGGGGATAATTGCGCGGT	144	0.12830107986742223	No Hit
TCTAAGTGCTGGGGTTATGAGTAGGGATGAGCATAAACCAACAACTCTCA	144	0.12830107986742223	No Hit
AATATCTAAGTGCTGGGGTTATGAGTAGGGATGAGCATAAACCAACAACT	141	0.12562814070351758	No Hit
CGCTCCTCGGGGAGCTTGATTGATAATTCTGTATAAGGTGATCGCAGGTT	140	0.12473716098221604	No Hit
TACAGTTTTATGGATAATTGGGATATTCTTTGGTATAGTTGGGATTTTAA	140	0.12473716098221604	No Hit
CGCAGTTAATAATTCTGGCAATTCGTCTCCACACTAGAAGTCGACGAACA	139	0.12384618126091451	No Hit
ATGGACCCACGTTGCGAGTCCAGTAAATCAGGACGGGGATAATTGCGCGG	139	0.12384618126091451	No Hit
AGAAACGTGTATCACATCTAGGCATGGAATCTTATGCCAGCTAACGGAAC	138	0.12295520153961295	No Hit
ACCTACCGTAAGCCTATATTTCGTTTTTCTGAGACCTATCCGAGTTCAGT	135	0.12028226237570831	No Hit
TATTACTCACAATATCCTAAAAACGATCAGCCGGCAGGTTCATTTTAAAC	133	0.11850030293310523	No Hit
GCGGTTTTGACTGCGGAAGGAAGCCAAGGCCCACCTAAAGTATGCTGCAA	133	0.11850030293310523	No Hit
CCCTTAGACGTCTTGGTATACGGACAACTGATGGACCCACGTTGCGAGTC	132	0.1176093232118037	No Hit
TGCGACCGTACAGCTCTGGAACCCAAAGGTTCGTTTTTTTCTTGGTACCT	131	0.11671834349050215	No Hit
GGGAACAGTCGCATGACGAGGCAGTTTCCAGAAACGTGTATCACATCTAG	129	0.11493638404789908	No Hit
GGGGAACAGTCGCATGACGAGGCAGTTTCCAGAAACGTGTATCACATCTA	129	0.11493638404789908	No Hit
GTCGCATGACGAGGCAGTTTCCAGAAACGTGTATCACATCTAGGCATGGA	126	0.11226344488399444	No Hit
CTACAAATGGACCTTGAGAGCTTGTTTGGAGGTTCTAGCAGGGGAGCGCA	126	0.11226344488399444	No Hit
CTAGCGCCAATCTATATTACTCACAATATCCTAAAAACGATCAGCCGGCA	124	0.11048148544139134	No Hit
AAAAGCTATAACCCGCAGACCCGAGCGAAAGCGGCGGTCCTTACAAGTCC	123	0.10959050572008983	No Hit
CTGAGATTGCACCGTTGTTATAATCGACCCGGGCTGCGACAATCGGCCGT	122	0.10869952599878827	No Hit
ATAATGATGCCTTATGTGATAGATGCCTCTTTAAAATATCTAAGTGCTGG	121	0.10780854627748672	No Hit
GGATTGTAGCCCAGGATGAGTCCCTCAGCGTGACGCAGTAAACTAGTAGC	120	0.10691756655618519	No Hit
GGCAGTTTCCAGAAACGTGTATCACATCTAGGCATGGAATCTTATGCCAG	120	0.10691756655618519	No Hit
ACGGCCGTTCAGCCACGAGTCACGGGGTCTAACGCCTACCAGTACTGATT	117	0.10424462739228055	No Hit
TATTTAACAAATATCCAGCAAAGGTTTTTCCAGGAGATGTTGGAACTCTA	117	0.10424462739228055	No Hit
TGGTATAGTTGGGATTTTAATATCATTAATAGCATGATGGTGATTGTTTT	115	0.10246266794967747	No Hit
TTTTTCTGAGACCTATCCGAGTTCAGTGCGACCGTACAGCTCTGGAACCC	114	0.10157168822837591	No Hit
GAGTAGGGATGAGCATAAACCAACAACTCTCAAAGAAGATGGGAAGCTAT	113	0.10068070850707438	No Hit
GACCTATCCGAGTTCAGTGCGACCGTACAGCTCTGGAACCCAAAGGTTCG	113	0.10068070850707438	No Hit
>>END_MODULE
>>Kmer Content	warn
#Sequence	Count	Obs/Exp Overall	Obs/Exp Max	Max Obs/Exp Position
TTTTT	28825	3.0269382	4.6147957	50-54
TCCAG	25175	2.6966386	5.1310444	40-44
GCAAA	19490	2.0524957	5.2709727	45-49
CTCTG	18670	2.0052526	5.773007	3
TCTTT	18200	1.9335055	5.7561383	8
ATGCC	17755	1.9018396	5.0665603	3
AGATG	17830	1.8597921	5.5616302	1
CTGCA	17160	1.8381059	6.817131	6
CCTCT	16335	1.776122	5.9380527	6
GATGC	15995	1.692422	5.09577	2
GGAGC	15830	1.6738487	5.365184	85-86
GCCTC	15325	1.6651946	5.8406506	5
TGCCT	15170	1.6293348	5.8194504	4
TCTGC	14935	1.6040946	6.0041947	4
CCTAT	14765	1.5826168	5.254296	9
CTCTT	13650	1.4670552	5.546024	7
TCTCT	12330	1.3251861	5.453347	3
TTCTC	12180	1.3090647	5.4071326	2
CTTTA	10450	1.1071814	5.0569983	9
>>END_MODULE
