##FastQC	0.10.1
>>Basic Statistics	pass
#Measure	Value	
Filename	Sample-A_Rep2.R2.fastq.gz	
File type	Conventional base calls	
Encoding	Sanger / Illumina 1.9	
Total Sequences	144826	
Filtered Sequences	0	
Sequence length	100	
%GC	50	
>>END_MODULE
>>Per base sequence quality	pass
#Base	Mean	Median	Lower Quartile	Upper Quartile	10th Percentile	90th Percentile
1	32.68757681631751	34.0	31.0	34.0	31.0	34.0
2	32.79657658155303	34.0	31.0	34.0	31.0	34.0
3	32.82313949152776	34.0	31.0	34.0	31.0	34.0
4	36.20867799980667	37.0	37.0	37.0	35.0	37.0
5	36.183958681452225	37.0	37.0	37.0	35.0	37.0
6	36.18983469818955	37.0	37.0	37.0	35.0	37.0
7	36.23149158300305	37.0	37.0	37.0	35.0	37.0
8	36.229454655931946	37.0	37.0	37.0	35.0	37.0
9	38.01778686147515	39.0	39.0	39.0	35.0	39.0
10-14	38.255786944333195	39.4	38.8	39.4	35.4	39.4
15-19	39.380203830803865	41.0	39.0	41.0	36.0	41.0
20-24	39.25135956250949	41.0	39.0	41.0	36.0	41.0
25-29	39.051696518580925	40.4	39.0	41.0	35.6	41.0
30-34	38.79555742753373	40.0	38.0	41.0	35.0	41.0
35-39	38.475026583624484	40.0	38.0	41.0	34.0	41.0
40-44	38.026365431621386	40.0	37.4	41.0	33.0	41.0
45-49	37.94030353665778	40.0	37.0	41.0	33.0	41.0
50-54	36.74152845483546	38.6	34.8	40.0	31.8	40.6
55-59	36.99718006435309	38.2	35.0	41.0	32.8	41.0
60-64	36.23474099954428	36.6	35.0	39.8	32.0	41.0
65-69	35.402129451894	35.2	34.8	38.8	31.0	41.0
70-74	34.72750611078121	35.0	34.0	36.8	31.0	40.0
75-79	34.07075939403146	35.0	34.0	36.0	30.0	38.8
80-84	33.44700122906108	35.0	34.0	35.0	29.2	37.0
85-89	32.95061384005634	35.0	33.0	35.0	29.0	36.0
90-94	32.495848811677455	35.0	33.0	35.0	28.2	35.6
95-99	31.9632662643448	35.0	33.0	35.0	27.0	35.0
100	31.561660199135513	35.0	33.0	35.0	25.0	35.0
>>END_MODULE
>>Per sequence quality scores	pass
#Quality	Count
2	40.0
3	18.0
4	26.0
5	24.0
6	23.0
7	29.0
8	45.0
9	54.0
10	59.0
11	72.0
12	80.0
13	91.0
14	93.0
15	115.0
16	103.0
17	131.0
18	154.0
19	201.0
20	191.0
21	247.0
22	277.0
23	325.0
24	429.0
25	530.0
26	678.0
27	907.0
28	1161.0
29	1541.0
30	1977.0
31	2667.0
32	3401.0
33	4734.0
34	6941.0
35	11824.0
36	25935.0
37	41780.0
38	28169.0
39	9750.0
40	4.0
>>END_MODULE
>>Per base sequence content	fail
#Base	G	A	T	C
1	30.472849803899905	14.811771529580733	11.718361597525272	42.99701706899409
2	25.14534682998909	22.477317608716668	32.324306409070196	20.05302915222405
3	22.68584370209769	23.67599740378109	27.80992363249693	25.828235261624293
4	26.124452791625814	31.675942165080855	19.999171419496502	22.20043362379683
5	27.89347216659992	32.05156532666786	19.77683565105713	20.278126855675087
6	21.969121566569537	35.2112189800174	20.247745570546723	22.571913882866337
7	20.704155331225056	17.42159556985624	36.83178434811429	25.042464750804417
8	21.333186030132712	21.80823885213981	26.105119246544128	30.75345587118335
9	23.82307044315247	20.77251322276387	28.566693825694284	26.837722508389376
10-14	25.455755689264453	25.33367765599128	22.63207973187024	26.578486922874028
15-19	25.9275268252938	24.720423128443787	24.189303025699804	25.162747020562605
20-24	25.441564359990608	25.001450015881126	24.11956416665516	25.437421457473107
25-29	25.599408945907502	24.917210998025215	23.992377059367794	25.491002996699486
30-34	25.707298009056395	24.683309189384765	24.100125806313518	25.509266995245323
35-39	25.584770690345653	23.825694281413558	24.472677557897065	26.116857470343724
40-44	25.63158548879345	24.268156270282958	24.75964260560949	25.3406156353141
45-49	25.852678386477567	24.230317760623095	24.64833662463922	25.268667228260117
50-54	25.054202974604006	24.352809578390623	24.941377929377325	25.65160951762805
55-59	24.948144670155912	24.505130294284175	25.10612735282339	25.440597682736527
60-64	24.916244320771135	24.548078383715634	24.825376658887215	25.71030063662602
65-69	24.98446411555936	24.482482427188486	25.03473133277174	25.49832212448041
70-74	24.779114247441758	24.318699680996506	24.7353375775068	26.166848494054936
75-79	24.67222736249016	25.002969080137543	24.93847789761507	25.386325659757226
80-84	25.128084736166155	24.80756217806195	24.87260574758676	25.191747338185134
85-89	24.844157816966568	25.024650269979148	24.767237926891582	25.363953986162706
90-94	24.71172303315703	25.057793490119177	24.845124494220652	25.385358982503142
95-99	24.871639070332673	25.386325659757226	24.606907599464183	25.135127670445918
100	26.088547636474114	24.3312664852996	24.63024595031279	24.949939927913498
>>END_MODULE
>>Per base GC content	fail
#Base	%GC
1	73.469866872894
2	45.19837598221314
3	48.514078963721985
4	48.32488641542265
5	48.17159902227501
6	44.541035449435874
7	45.74662008202947
8	52.086641901316064
9	50.66079295154186
10-14	52.034242612138485
15-19	51.0902738458564
20-24	50.878985817463715
25-29	51.09041194260699
30-34	51.216565004301714
35-39	51.70162816068938
40-44	50.97220112410755
45-49	51.12134561473769
50-54	50.70581249223206
55-59	50.388742352892436
60-64	50.62654495739716
65-69	50.482786240039765
70-74	50.9459627414967
75-79	50.05855302224739
80-84	50.31983207435129
85-89	50.20811180312927
90-94	50.09708201566018
95-99	50.00676674077859
100	51.038487564387616
>>END_MODULE
>>Per sequence GC content	warn
#GC Content	Count
0	0.0
1	0.0
2	0.0
3	0.0
4	0.0
5	0.0
6	0.0
7	0.0
8	0.0
9	0.0
10	0.0
11	1.0
12	1.0
13	0.0
14	1.0
15	6.0
16	5.5
17	4.0
18	7.5
19	7.5
20	10.0
21	12.0
22	18.5
23	31.5
24	40.0
25	52.0
26	83.0
27	117.0
28	181.0
29	268.0
30	434.5
31	864.5
32	1174.5
33	1175.0
34	1443.5
35	2000.0
36	2416.0
37	2811.5
38	3453.0
39	3414.5
40	3523.0
41	3223.5
42	2446.0
43	2673.0
44	3303.0
45	3739.0
46	4177.5
47	4783.0
48	5043.5
49	5179.0
50	5198.5
51	5494.0
52	6450.0
53	7034.5
54	7016.5
55	6491.5
56	5864.5
57	5511.5
58	5360.5
59	4932.0
60	4020.5
61	3365.0
62	3033.0
63	2960.5
64	2579.0
65	2173.5
66	1885.0
67	1544.5
68	1259.5
69	1016.0
70	813.0
71	646.0
72	520.5
73	410.5
74	306.5
75	226.0
76	176.0
77	132.0
78	100.0
79	76.0
80	43.5
81	23.5
82	15.5
83	9.5
84	7.5
85	4.0
86	1.5
87	0.5
88	0.0
89	0.0
90	0.0
91	0.0
92	0.0
93	0.0
94	0.0
95	0.0
96	0.0
97	0.0
98	0.0
99	0.0
100	0.0
>>END_MODULE
>>Per base N content	pass
#Base	N-Count
1	0.0013809675058345876
2	0.0
3	0.0
4	0.0
5	0.0
6	0.0
7	0.0
8	0.0
9	0.0
10-14	4.142902517503763E-4
15-19	0.0
20-24	0.0
25-29	0.0
30-34	1.3809675058345876E-4
35-39	0.0
40-44	0.0
45-49	0.0
50-54	0.0
55-59	0.0
60-64	0.0
65-69	0.0
70-74	0.0
75-79	0.0
80-84	0.0
85-89	0.0
90-94	0.0
95-99	0.0
100	0.0
>>END_MODULE
>>Sequence Length Distribution	pass
#Length	Count
100	144826.0
>>END_MODULE
>>Sequence Duplication Levels	fail
#Total Duplicate Percentage	51.94337994130848
#Duplication Level	Relative count
1	100.0
2	7.327796775769419
3	1.9267795051581942
4	0.8922670191672174
5	0.5172562429954883
6	0.4195522859852295
7	0.3232851518721802
8	0.227018017759131
9	0.1997183827121469
10++	2.209833615908503
>>END_MODULE
>>Overrepresented sequences	warn
#Sequence	Count	Percentage	Possible Source
CTTCAATATAAGCCTTGGTAGGGATAGATAGCCACCTATATAGTATAGCT	724	0.49991023711212074	No Hit
CTCGTAACCAAACATGCACAGCGGTCAAACAGTATGTCCCAAGGGGACTT	314	0.2168118984160303	No Hit
CCTAACTTAATGGACGGGAGGTATCCCAATAGGAGGTTTCCTCCTATGGT	285	0.19678786958142874	No Hit
CTTCCATTTCCGCCCAAGCTGCTCACAGTATACGGGCGTCGGCATCCAGA	281	0.19402593456975958	No Hit
CCCTAACTTAATGGACGGGAGGTATCCCAATAGGAGGTTTCCTCCTATGG	266	0.18366867827600017	No Hit
CTCTCATTGGTTTATACTTCAATATAAGCCTTGGTAGGGATAGATAGCCA	263	0.18159722701724829	No Hit
CTTAGATATTTTAAAGAGGCATCTATCACATAAGGCATCATTATAACTAA	252	0.17400190573515806	No Hit
CTAACTTAATGGACGGGAGGTATCCCAATAGGAGGTTTCCTCCTATGGTT	244	0.1684780357118197	No Hit
CCCAATTATCCATAAAACTGTAACTAAGTGAGGCTCTCTCATTGGTTTAT	239	0.16502561694723322	No Hit
CGAATAGCTCGTAACCAAACATGCACAGCGGTCAAACAGTATGTCCCAAG	226	0.15604932815930841	No Hit
CGGGCGTCGGCATCCAGACCGTCGGCTGATCGTGGTTTTACTAGGCTAGA	219	0.15121594188888735	No Hit
CTTCACTGCCCCCTTTCAGCCTTTTGGGTCCTGTATCCCAATTCTCAGAG	215	0.1484540068772182	No Hit
CATTAATTAGGGCTGAAAGCCCTAACTTAATGGACGGGAGGTATCCCAAT	213	0.1470730393713836	No Hit
GCTGCTCACAGTATACGGGCGTCGGCATCCAGACCGTCGGCTGATCGTGG	212	0.1463825556184663	No Hit
CTGAACTCGGATAGGTCTCAGAAAAACGAAATATAGGCTTACGGTAGGTC	203	0.14016820184221065	No Hit
CAATTATCCATAAAACTGTAACTAAGTGAGGCTCTCTCATTGGTTTATAC	201	0.13878723433637608	No Hit
CCTGAAACGGGCATCGTCGCTCTTCGTTGTTCGTCGACTTCTAGTGTGGA	201	0.13878723433637608	No Hit
CTGAGGACCACCTGAAACGGGCATCGTCGCTCTTCGTTGTTCGTCGACTT	195	0.1346443318188723	No Hit
GTCGCACTGAACTCGGATAGGTCTCAGAAAAACGAAATATAGGCTTACGG	182	0.12566804303094747	No Hit
GGCCGATTGTCGCAGCCCGGGTCGATTATAACAACGGTGCAATCTCAGCT	175	0.12083465676052643	No Hit
GACGAATTGCCAGAATTATTAACTGCGCAGTTAGGGCAGCGTCTGAGGAA	174	0.12014417300760913	No Hit
CTGTAACTAAGTGAGGCTCTCTCATTGGTTTATACTTCAATATAAGCCTT	169	0.11669175424302265	No Hit
AAAAAAACGAACCTTTGGGTTCCAGAGCTGTACGGTCGCACTGAACTCGG	167	0.11531078673718807	No Hit
GCTGAAAGCCCTAACTTAATGGACGGGAGGTATCCCAATAGGAGGTTTCC	166	0.11462030298427078	No Hit
CCCAATTCTCAGAGGTCCCGCCGTACGCTGAGGACCACCTGAAACGGGCA	163	0.1125488517255189	No Hit
CTCTCTCATTGGTTTATACTTCAATATAAGCCTTGGTAGGGATAGATAGC	161	0.11116788421968432	No Hit
GGCTGAAAGCCCTAACTTAATGGACGGGAGGTATCCCAATAGGAGGTTTC	160	0.11047740046676702	No Hit
GGGATAGATAGCCACCTATATAGTATAGCTTCCCATCTTCTTTGAGAGTT	158	0.10909643296093242	No Hit
GAATATCCCAATTATCCATAAAACTGTAACTAAGTGAGGCTCTCTCATTG	157	0.10840594920801515	No Hit
CCTTGACCGCGGGAAGGAGACATAACGATAGCGACTCTGTCTCAGGGGAT	156	0.10771546545509784	No Hit
CGTGGTTTTACTAGGCTAGACTAGCGTACGAGCACTATGGTCAGTAATTC	155	0.10702498170218055	No Hit
CTTATACAGAATTATCAATCAAGCTCCCCGAGGAGCGGACTTGTAAGGAC	151	0.10426304669051137	No Hit
TATAGATTGGCGCTAGTAGATCACAGAACAACCGCCGCATACGGCCGATT	151	0.10426304669051137	No Hit
AAAGAATATCCCAATTATCCATAAAACTGTAACTAAGTGAGGCTCTCTCA	149	0.10288207918467678	No Hit
CTTGGCTTCCTTCCGCAGTCAAAACCGCGCAATTATCCCCGTCCTGATTT	148	0.1021915954317595	No Hit
CTAGCGTACGAGCACTATGGTCAGTAATTCCTGGAGGAATAGGTACCAAG	147	0.1015011116788422	No Hit
ATTAGGGCTGAAAGCCCTAACTTAATGGACGGGAGGTATCCCAATAGGAG	146	0.1008106279259249	No Hit
>>END_MODULE
>>Kmer Content	warn
#Sequence	Count	Obs/Exp Overall	Obs/Exp Max	Max Obs/Exp Position
AAAAA	37340	2.958039	8.441566	2
AAAAC	27680	2.1085901	5.7041526	4
CTCAG	28630	2.0586715	6.1436453	1
CCCAA	26805	1.8881428	6.05219	1
GAAAA	24285	1.8829665	5.657031	2
CTGAA	23835	1.7823147	5.8864512	2
ATTAT	22040	1.7613511	5.1785545	5
ATATA	21215	1.6904764	7.228836	6
CTTGG	22005	1.6152278	5.3906894	1
AATAT	20195	1.6091996	8.452765	5
CTTCA	21600	1.5915226	10.00889	1
TTCAA	20395	1.5627383	8.790244	2
TATCC	20710	1.5259458	5.3757997	7
ATTGG	19690	1.5030093	6.1921735	6
TCCAT	18655	1.3745302	5.446533	7
TATAA	16885	1.3454487	8.146783	7
TAACT	16445	1.2600752	6.1421375	4
ATCCA	16705	1.2272619	5.2895956	6
ATAAG	15590	1.2123245	7.465488	8
CAATA	13415	1.0249083	5.9041944	4
GATTG	12125	0.92554533	5.129611	5
TCAAT	11470	0.8788727	6.693826	3
TAAGC	11575	0.8655462	6.2097025	9
>>END_MODULE
