##FastQC	0.10.1
>>Basic Statistics	pass
#Measure	Value	
Filename	Sample-B_Rep2.R2.fastq.gz	
File type	Conventional base calls	
Encoding	Sanger / Illumina 1.9	
Total Sequences	162373	
Filtered Sequences	0	
Sequence length	100	
%GC	49	
>>END_MODULE
>>Per base sequence quality	pass
#Base	Mean	Median	Lower Quartile	Upper Quartile	10th Percentile	90th Percentile
1	31.872213976461605	33.0	31.0	34.0	30.0	34.0
2	32.01380771433674	34.0	31.0	34.0	30.0	34.0
3	32.01529195124805	34.0	31.0	34.0	30.0	34.0
4	35.52784637840035	37.0	35.0	37.0	33.0	37.0
5	35.520240434062316	37.0	35.0	37.0	33.0	37.0
6	35.53300733496332	37.0	35.0	37.0	33.0	37.0
7	35.574529016523684	37.0	35.0	37.0	33.0	37.0
8	35.55602840373707	37.0	35.0	37.0	33.0	37.0
9	37.19219328336607	39.0	37.0	39.0	33.0	39.0
10-14	37.35295030577743	39.2	37.2	39.4	33.0	39.4
15-19	38.30025312090065	40.0	38.0	41.0	33.0	41.0
20-24	38.16912664051289	40.0	38.0	41.0	33.0	41.0
25-29	37.94746294026716	40.0	37.6	41.0	32.6	41.0
30-34	37.6759202576783	40.0	37.0	41.0	32.0	41.0
35-39	37.34268012539032	39.6	36.4	41.0	31.0	41.0
40-44	36.87263153356777	39.0	35.6	40.4	30.4	41.0
45-49	36.70118923712686	38.8	35.0	40.2	30.4	41.0
50-54	35.48755396525284	37.6	33.8	39.6	29.0	40.2
55-59	36.00524964125809	37.6	34.6	40.0	30.0	41.0
60-64	35.24636854649479	36.4	34.0	39.4	29.0	41.0
65-69	34.39116848244474	35.0	33.2	38.2	28.4	40.8
70-74	33.65931404851792	35.0	33.0	36.8	27.8	39.6
75-79	32.94562889150289	35.0	32.8	35.8	26.6	38.8
80-84	32.24421547917449	35.0	32.0	35.0	25.8	37.0
85-89	31.633836906382214	34.6	31.6	35.0	24.8	36.0
90-94	31.052182320952376	34.0	31.0	35.0	23.6	35.2
95-99	30.355072579800826	34.0	31.0	35.0	20.0	35.0
100	29.84014583705419	34.0	31.0	35.0	16.0	35.0
>>END_MODULE
>>Per sequence quality scores	pass
#Quality	Count
2	120.0
3	52.0
4	52.0
5	57.0
6	53.0
7	86.0
8	77.0
9	114.0
10	124.0
11	170.0
12	192.0
13	209.0
14	257.0
15	267.0
16	287.0
17	334.0
18	308.0
19	395.0
20	449.0
21	489.0
22	600.0
23	748.0
24	953.0
25	1244.0
26	1516.0
27	1941.0
28	2462.0
29	3143.0
30	4072.0
31	4937.0
32	6180.0
33	8040.0
34	10776.0
35	15816.0
36	27015.0
37	36758.0
38	24645.0
39	7419.0
40	16.0
>>END_MODULE
>>Per base sequence content	fail
#Base	G	A	T	C
1	24.862507929273956	15.656543883527435	12.285909603197576	47.19503858400104
2	24.18751886089436	22.47294808866006	34.54084114969853	18.798691900747045
3	19.98361796604115	25.390920904337545	28.533068921557152	26.092392208064147
4	23.749022312822945	32.68400534571634	21.489410185190888	22.077562156269824
5	26.675617251636663	33.423660337617704	20.714650834806278	19.18607157593935
6	20.843366815911512	37.15457619185455	20.969619333263534	21.032437658970395
7	20.12095607028262	19.19592543095219	36.945797638769996	23.737320859995194
8	20.507719879536623	22.845546981333104	27.635136383512037	29.011596755618235
9	23.10729000511169	22.34176864380162	29.073183349448495	25.4777580016382
10-14	24.631249361037515	26.780996301100064	23.101434601650773	25.486319736211648
15-19	25.257803069494738	26.323011356637842	24.05981326829749	24.359372305569927
20-24	24.695608259993964	26.389362763513642	24.321161769506013	24.593867206986385
25-29	24.568247183952995	26.60245237816632	24.15881950816946	24.670480929711218
30-34	24.886034008117115	26.385421221508505	24.203161855727245	24.52538291464714
35-39	24.642643789299946	25.75994777456843	24.459485259248765	25.137923176882854
40-44	24.803877491947553	26.191792970506178	24.598794134492806	24.405535403053463
45-49	24.93801309330985	25.906893387447422	24.59534528523831	24.559748234004424
50-54	24.299360115290103	26.322233376238664	24.845017336626164	24.533389171845073
55-59	24.337913323027845	26.296859699580594	24.90192334932532	24.463303628066242
60-64	24.459238912873445	26.265573709914825	24.69659364549525	24.57859373171648
65-69	24.34924525629261	26.046694955442103	25.021770860918995	24.582288927346298
70-74	24.329907065829907	25.769555283205953	24.84932839819428	25.05120925276986
75-79	24.110042925855897	26.683746682022257	24.822107123721306	24.384103268400533
80-84	24.635376571227972	26.761838482999025	24.643013308862926	23.959771636910077
85-89	24.577115653464553	26.347483879709067	24.831221939608188	24.244178527218196
90-94	24.289259913901944	26.32112481754972	25.04283347600894	24.3467817925394
95-99	24.114723506986998	27.038978155235167	24.89527199719165	23.951026340586182
100	25.38060749390289	25.764910206193186	24.59475771684773	24.25972458305619
>>END_MODULE
>>Per base GC content	fail
#Base	%GC
1	72.057546513275
2	42.98621076164141
3	46.076010174105306
4	45.826584469092765
5	45.86168882757601
6	41.8758044748819
7	43.85827693027782
8	49.51931663515486
9	48.58504800674989
10-14	50.117569097249174
15-19	49.61717537506466
20-24	49.28947546698035
25-29	49.238728113664216
30-34	49.41141692276425
35-39	49.780566966182796
40-44	49.209412895001016
45-49	49.49776132731427
50-54	48.83274928713517
55-59	48.801216951094084
60-64	49.037832644589926
65-69	48.9315341836389
70-74	49.381116318599766
75-79	48.49414619425643
80-84	48.59514820813805
85-89	48.82129418068275
90-94	48.63604170644134
95-99	48.06574984757318
100	49.64033207695908
>>END_MODULE
>>Per sequence GC content	warn
#GC Content	Count
0	0.0
1	0.0
2	0.0
3	0.0
4	0.0
5	0.0
6	0.0
7	0.0
8	0.0
9	0.0
10	0.0
11	0.0
12	0.0
13	0.0
14	2.0
15	4.5
16	6.0
17	5.5
18	11.0
19	21.0
20	21.0
21	27.5
22	44.5
23	64.0
24	87.5
25	117.0
26	172.5
27	233.0
28	340.5
29	501.0
30	821.0
31	1409.0
32	1738.0
33	1736.5
34	2190.0
35	2743.0
36	3117.5
37	3491.5
38	3992.0
39	4340.5
40	4363.0
41	4106.5
42	3676.0
43	3858.0
44	4642.5
45	5111.5
46	5347.0
47	6210.0
48	7280.0
49	7256.0
50	6508.5
51	6031.5
52	6064.5
53	6343.0
54	6414.5
55	6402.0
56	5967.0
57	5488.0
58	5438.5
59	5012.0
60	4246.0
61	3552.0
62	2985.5
63	2670.5
64	2287.5
65	1789.0
66	1367.5
67	1122.5
68	926.0
69	757.5
70	580.5
71	412.5
72	297.0
73	199.5
74	143.0
75	101.0
76	62.5
77	44.5
78	30.5
79	16.5
80	10.5
81	6.0
82	4.5
83	2.5
84	0.5
85	0.0
86	0.0
87	0.0
88	0.0
89	0.0
90	0.0
91	0.0
92	0.0
93	0.0
94	0.0
95	0.0
96	0.0
97	0.0
98	0.0
99	0.0
100	0.0
>>END_MODULE
>>Per base N content	pass
#Base	N-Count
1	0.0
2	0.0
3	0.0
4	0.0
5	0.0
6	0.0
7	0.0
8	0.0
9	0.0
10-14	2.4634637532102013E-4
15-19	6.158659383025503E-4
20-24	0.0
25-29	0.0
30-34	0.0
35-39	0.0
40-44	0.0
45-49	0.0
50-54	0.0
55-59	0.0
60-64	0.0
65-69	0.0
70-74	0.0
75-79	0.0
80-84	0.0
85-89	0.0
90-94	0.0
95-99	0.0
100	6.158659383025503E-4
>>END_MODULE
>>Sequence Length Distribution	pass
#Length	Count
100	162373.0
>>END_MODULE
>>Sequence Duplication Levels	fail
#Total Duplicate Percentage	53.63116793535831
#Duplication Level	Relative count
1	100.0
2	6.229246911940497
3	1.810333377606588
4	0.9509895072386771
5	0.6415194580953646
6	0.4515871961747908
7	0.34267499003851776
8	0.29884446805684683
9	0.21251162172931332
10++	2.491698764776199
>>END_MODULE
>>Overrepresented sequences	warn
#Sequence	Count	Percentage	Possible Source
CTTCAATATAAGCCTTGGTAGGGATAGATAGCCACCTATATAGTATAGCT	682	0.42002056992233927	No Hit
CTCGTAACCAAACATGCACAGCGGTCAAACAGTATGTCCCAAGGGGACTT	409	0.2518891687657431	No Hit
CTTAGATATTTTAAAGAGGCATCTATCACATAAGGCATCATTATAACTAA	358	0.22048000591231304	No Hit
CGAATAGCTCGTAACCAAACATGCACAGCGGTCAAACAGTATGTCCCAAG	316	0.19461363650360589	No Hit
TGAAAATTCTATGGAAGAGCTAGCATCTCTGACGAAAACAGCAGACGGAA	289	0.17798525616943706	No Hit
CCTAACTTAATGGACGGGAGGTATCCCAATAGGAGGTTTCCTCCTATGGT	287	0.17675352429283195	No Hit
CTAGCATCTCTGACGAAAACAGCAGACGGAAAAGTACTGACCAGCGTCAC	265	0.16320447365017582	No Hit
CAAAAACGGAACAGGGCTGACGCCGCTACATATATAGGAAAAGGGAAGGT	243	0.14965542300751972	No Hit
CCCTAACTTAATGGACGGGAGGTATCCCAATAGGAGGTTTCCTCCTATGG	242	0.14903955706921718	No Hit
CAGAAATCGCATTCATGAAATCAACACACAGCTTTCCACTGTCATTCGCC	234	0.14411262956279677	No Hit
CGAAACTGGAAACCGACCGCCGCCATATCAGAAATCGCATTCATGAAATC	231	0.14226503174788913	No Hit
CCCAATTATCCATAAAACTGTAACTAAGTGAGGCTCTCTCATTGGTTTAT	226	0.13918570205637637	No Hit
CTCTCATTGGTTTATACTTCAATATAAGCCTTGGTAGGGATAGATAGCCA	225	0.13856983611807383	No Hit
CTCATCTTTAATGATGAACTGTCGCCAAGTCAGCTGAAGTCATTGGCAAC	225	0.13856983611807383	No Hit
CTTCCATTTCCGCCCAAGCTGCTCACAGTATACGGGCGTCGGCATCCAGA	224	0.1379539701797713	No Hit
CTAACTTAATGGACGGGAGGTATCCCAATAGGAGGTTTCCTCCTATGGTT	207	0.12748424922862792	No Hit
CTTGAAGCTGATCTCCTCATCTTTAATGATGAACTGTCGCCAAGTCAGCT	202	0.12440491953711516	No Hit
CTTCAAATTGCGCTTGTCGGCTATACAAACGCAGGGAAATCAACATGGTT	197	0.1213255898456024	No Hit
CAGCAATTGAAGTGAAGATGATTGACCGCACGCAATTGATATTAGATATT	188	0.11578279640087946	No Hit
CTGTAACTAAGTGAGGCTCTCTCATTGGTTTATACTTCAATATAAGCCTT	185	0.11393519858597181	No Hit
CATTAATTAGGGCTGAAAGCCCTAACTTAATGGACGGGAGGTATCCCAAT	184	0.11331933264766925	No Hit
GGAAGAGCTAGCATCTCTGACGAAAACAGCAGACGGAAAAGTACTGACCA	184	0.11331933264766925	No Hit
CGGAAAAGTACTGACCAGCGTCACACAAAAACGGAACAGGGCTGACGCCG	184	0.11331933264766925	No Hit
TATAGATTGGCGCTAGTAGATCACAGAACAACCGCCGCATACGGCCGATT	184	0.11331933264766925	No Hit
GGCCGATTGTCGCAGCCCGGGTCGATTATAACAACGGTGCAATCTCAGCT	173	0.1065448073263412	No Hit
CTCTCTCATTGGTTTATACTTCAATATAAGCCTTGGTAGGGATAGATAGC	167	0.1028496116965259	No Hit
>>END_MODULE
>>Kmer Content	warn
#Sequence	Count	Obs/Exp Overall	Obs/Exp Max	Max Obs/Exp Position
AAAAA	50300	2.568704	7.427256	2
GAAGA	38685	2.293696	6.261172	2
CTGGA	33210	2.2393014	5.2108583	1
TTTTT	31355	2.2043686	5.298059	2
GGAAG	33540	2.1427913	6.2558556	1
GAAAA	36630	2.0156102	6.127698	2
TTCAA	30265	1.8737147	9.628254	2
CTTCT	25995	1.8302188	5.981721	1
AATTG	29105	1.8199935	5.3427143	5
CTCAG	27260	1.819827	6.9855475	1
CTTCA	27090	1.7891878	11.412719	1
CAGAA	30195	1.7725109	5.1282	1
CTCTG	23920	1.7022827	5.0214314	1
ATTGG	24915	1.6787529	5.5304656	6
CTGAA	26770	1.675207	5.3466263	1
CCCAA	26800	1.6616262	6.2496767	1
CTGAG	23755	1.6017649	5.243224	1
CTTGG	20845	1.4983453	5.278872	1
ATATA	25740	1.4937818	5.2926354	6
CTCAT	22295	1.472497	5.1040215	1
TATTT	22030	1.4528664	5.2548337	7
AATAT	23475	1.362336	6.657578	5
AGATA	22690	1.3309767	5.0681353	4
CTTTT	18460	1.2987543	5.3694787	1
TAGAT	20090	1.2562677	6.033065	3
AATTC	17770	1.1001457	5.0815783	5
TATAA	18830	1.0927705	6.2675943	7
CAATA	18495	1.0741152	5.212881	4
GATTG	15855	1.0682971	5.5304646	5
ATAAG	16880	0.9901669	5.4343348	8
CTCGT	12070	0.85896957	6.0803733	1
TCAAT	12200	0.7553054	5.5867643	3
TAAGC	11875	0.7431111	5.436905	9
>>END_MODULE
