##FastQC	0.10.1
>>Basic Statistics	pass
#Measure	Value	
Filename	Sample-B_Rep3.R1.fastq.gz	
File type	Conventional base calls	
Encoding	Sanger / Illumina 1.9	
Total Sequences	185442	
Filtered Sequences	0	
Sequence length	100	
%GC	49	
>>END_MODULE
>>Per base sequence quality	pass
#Base	Mean	Median	Lower Quartile	Upper Quartile	10th Percentile	90th Percentile
1	32.397763182019176	34.0	31.0	34.0	31.0	34.0
2	32.57247009846745	34.0	31.0	34.0	31.0	34.0
3	32.55642195403414	34.0	31.0	34.0	31.0	34.0
4	36.04452605127209	37.0	35.0	37.0	35.0	37.0
5	35.93727418815587	37.0	35.0	37.0	35.0	37.0
6	35.89745580828507	37.0	35.0	37.0	35.0	37.0
7	35.932895460575274	37.0	35.0	37.0	35.0	37.0
8	35.92884567681539	37.0	35.0	37.0	35.0	37.0
9	37.654333969650885	39.0	37.0	39.0	35.0	39.0
10-14	37.83364933510208	39.2	37.2	39.4	35.0	39.4
15-19	38.88789810291088	40.0	38.0	41.0	35.0	41.0
20-24	38.789766072410785	40.0	38.0	41.0	34.6	41.0
25-29	38.57337496360048	40.0	38.0	41.0	34.0	41.0
30-34	38.32933316077264	40.0	38.0	41.0	33.8	41.0
35-39	38.00106016975658	40.0	37.2	41.0	33.0	41.0
40-44	37.61326883877439	39.6	36.6	41.0	32.2	41.0
45-49	37.33336568846324	39.0	35.8	41.0	32.0	41.0
50-54	37.01182148596327	38.8	35.0	40.6	31.2	41.0
55-59	36.58363046127631	37.8	35.0	40.0	31.0	41.0
60-64	35.85345175310879	36.6	34.4	39.6	30.6	41.0
65-69	35.06753486265247	35.2	34.0	38.8	30.0	40.8
70-74	34.35734515374079	35.0	33.6	36.8	29.2	39.6
75-79	33.06927988265873	34.6	32.2	35.2	28.0	37.8
80-84	33.295868249911024	35.0	33.0	35.0	29.0	36.8
85-89	32.85522157871464	35.0	33.0	35.0	29.0	36.0
90-94	32.44894036949558	35.0	33.0	35.0	27.0	35.2
95-99	31.991603843789438	35.0	32.6	35.0	26.8	35.0
100	31.634796863709408	35.0	32.0	35.0	25.0	35.0
>>END_MODULE
>>Per sequence quality scores	pass
#Quality	Count
8	6.0
9	7.0
10	19.0
11	36.0
12	39.0
13	55.0
14	73.0
15	75.0
16	100.0
17	154.0
18	116.0
19	190.0
20	232.0
21	312.0
22	322.0
23	430.0
24	524.0
25	822.0
26	1109.0
27	1613.0
28	2268.0
29	2930.0
30	3881.0
31	5088.0
32	6725.0
33	8754.0
34	12152.0
35	17695.0
36	30630.0
37	45308.0
38	34995.0
39	8771.0
40	11.0
>>END_MODULE
>>Per base sequence content	fail
#Base	G	A	T	C
1	33.180846007604565	9.427929484963705	9.15950138264777	48.23172312478396
2	25.163666562409	12.289282671297146	37.75439769626506	24.7926530700288
3	25.17714433623451	17.730071936238826	23.2175019682704	33.87528175925627
4	27.98319917507518	26.31175463885245	20.93084776141965	24.774198424652727
5	28.075624723633265	29.400028041112584	24.31865488939938	18.205692345854768
6	21.709213662492854	31.76033476774409	25.706150710195104	20.824300859567952
7	16.377627506174438	21.910354720074203	43.29170306618781	18.420314707563552
8	20.59242242857605	21.38997638075517	31.496640459011445	26.52096073165734
9	20.633944845288553	20.323335598192426	34.16593867624378	24.876780880275234
10-14	24.369560293784577	26.05623321577636	25.477831343492845	24.096375146946215
15-19	24.260847057300936	24.824042018528704	26.195899526536596	24.71921139763376
20-24	24.10629738678401	24.76752839162649	26.62298724129377	24.503186980295727
25-29	24.378943281457275	24.666148984588173	26.98105067891848	23.973857055036078
30-34	23.80388477259736	25.785852180196507	25.984620528251423	24.425642518954714
35-39	24.585800411988654	24.67100225407405	25.984620528251423	24.758576805685877
40-44	25.11049276862847	24.787372871302075	26.096461427292635	24.005672932776825
45-49	24.824365569827762	25.575975237540575	25.48095900605041	24.11870018658125
50-54	24.78758857216812	24.294927794135095	26.228578207741503	24.688905425955284
55-59	24.485175957981472	24.938255627096343	25.712082484011173	24.864485930911012
60-64	24.051940768542185	24.969100850939917	26.12363973641354	24.855318644104358
65-69	24.337039098191983	24.302850289688138	26.109141030452843	25.250969581667032
70-74	25.093021801074634	24.634329951833582	25.45755940992362	24.81508883716817
75-79	24.42024999730374	24.579976488605602	25.883456822079143	25.11631669201152
80-84	24.70009135040051	24.415039274201114	26.318514148526905	24.56635522687147
85-89	24.668090292382523	24.36751113555721	25.80494170684095	25.159456865219315
90-94	24.545059420260156	24.282874734822464	26.16087635042369	25.011189494493692
95-99	25.116856952422452	23.921432438670323	26.59388137644224	24.367829232464985
100	25.034781764648784	24.237227812469666	25.233765813569743	25.494224609311804
>>END_MODULE
>>Per base GC content	fail
#Base	%GC
1	81.41256913238853
2	49.9563196324378
3	59.05242609549077
4	52.75739759972791
5	46.28131706948803
6	42.533514522060806
7	34.79794221373799
8	47.11338316023339
9	45.51072572556379
10-14	48.465935440730796
15-19	48.98005845493469
20-24	48.60948436707974
25-29	48.35280033649335
30-34	48.229527291552074
35-39	49.34437721767453
40-44	49.11616570140529
45-49	48.94306575640901
50-54	49.4764939981234
55-59	49.349661888892484
60-64	48.90725941264654
65-69	49.588008679859016
70-74	49.908110638242796
75-79	49.53656668931526
80-84	49.26644657727198
85-89	49.827547157601835
90-94	49.556248914753844
95-99	49.48468618488743
100	50.52900637396059
>>END_MODULE
>>Per sequence GC content	warn
#GC Content	Count
0	0.0
1	0.0
2	0.0
3	0.0
4	0.0
5	0.0
6	0.0
7	0.0
8	0.0
9	0.0
10	0.0
11	0.0
12	0.5
13	0.5
14	0.0
15	1.0
16	2.5
17	4.5
18	8.0
19	11.5
20	18.0
21	26.5
22	29.0
23	44.5
24	65.5
25	80.5
26	108.0
27	161.0
28	252.5
29	592.0
30	999.5
31	1205.5
32	1324.0
33	1557.0
34	1925.0
35	2319.0
36	3112.5
37	4076.5
38	4763.5
39	4646.5
40	4067.0
41	4116.5
42	4231.5
43	4518.0
44	5632.5
45	6628.0
46	7929.5
47	8665.0
48	8605.5
49	7984.5
50	6956.5
51	7339.0
52	8338.0
53	8499.0
54	7693.5
55	7420.0
56	6503.5
57	5314.5
58	5142.0
59	4972.0
60	4690.0
61	4098.0
62	3642.5
63	3247.0
64	2598.5
65	1971.5
66	1596.5
67	1396.5
68	1187.0
69	909.5
70	636.0
71	472.5
72	386.5
73	273.0
74	167.5
75	99.0
76	69.5
77	53.5
78	30.5
79	14.0
80	5.5
81	2.0
82	2.0
83	0.5
84	1.0
85	1.0
86	0.0
87	0.0
88	0.0
89	0.0
90	0.0
91	0.0
92	0.0
93	0.0
94	0.0
95	0.0
96	0.0
97	0.0
98	0.0
99	0.0
100	0.0
>>END_MODULE
>>Per base N content	pass
#Base	N-Count
1	0.15638312787825845
2	0.0021570086603897713
3	0.0
4	0.11486071116575533
5	0.0
6	0.0
7	0.0
8	0.0
9	0.0
10-14	0.0
15-19	0.0
20-24	0.0
25-29	0.0
30-34	0.0
35-39	0.0
40-44	0.0
45-49	0.0
50-54	0.0
55-59	0.0
60-64	0.0
65-69	6.471025981169315E-4
70-74	8.628034641559086E-4
75-79	0.0
80-84	0.0011863547632143742
85-89	0.0
90-94	1.0785043301948857E-4
95-99	8.628034641559086E-4
100	0.0
>>END_MODULE
>>Sequence Length Distribution	pass
#Length	Count
100	185442.0
>>END_MODULE
>>Sequence Duplication Levels	fail
#Total Duplicate Percentage	58.41264876699328
#Duplication Level	Relative count
1	100.0
2	8.071836099585063
3	2.5557572614107884
4	1.295383817427386
5	0.8376556016597511
6	0.5108921161825726
7	0.37863070539419086
8	0.30471991701244816
9	0.2658195020746888
10++	2.492219917012448
>>END_MODULE
>>Overrepresented sequences	warn
#Sequence	Count	Percentage	Possible Source
CCAGAATTCAAGACGTTAACAGTTCTTGGCGCAAATAGCGCTGAATCGCT	986	0.5317026347860787	No Hit
CTTATGTGATAGATGCCTCTTTAAAATATCTAAGTGCTGGGGTTATGAGT	506	0.2728615955393061	No Hit
CGCTTTGATATTCTCTGCATCCTATTTAGGGCTATTGATATTTAACAAAT	486	0.26207655223735726	No Hit
CTTTGATATTCTCTGCATCCTATTTAGGGCTATTGATATTTAACAAATAT	468	0.25237001326560327	No Hit
CCGCTTTGATATTCTCTGCATCCTATTTAGGGCTATTGATATTTAACAAA	454	0.24482048295423908	No Hit
CTCAATTTGAAGTTTGCCTTCTCTCGTTCTCGCCCGCTTTGCAAAAATAT	400	0.21570086603897712	No Hit
GCCTTATGTGATAGATGCCTCTTTAAAATATCTAAGTGCTGGGGTTATGA	396	0.2135438573785874	No Hit
GCCTTCTCTCGTTCTCGCCCGCTTTGCAAAAATATCTAATATCAATTGCG	357	0.19251302293978712	No Hit
GTTGATTTCATGAATGCGATTTCTGATATGGCGGCGGTCGGTTTCCAGTT	338	0.1822672318029357	No Hit
CTTCTCTCGTTCTCGCCCGCTTTGCAAAAATATCTAATATCAATTGCGTG	306	0.1650111625198175	No Hit
CCGGGATCGGGCAAAGGGGCAACTCGAGCTAATCTCCCCAGCGGCTAGCA	298	0.160697145199038	No Hit
GGAAGCTATACTATATAGGTGGCTATCTATCCCTACCAAGGCTTATATTG	296	0.1596186408688431	No Hit
CTGCGTTTGTATAGCCGACAAGCGCAATTTGAAGCACACCGTTTTTCTTT	284	0.15314761488767376	No Hit
CCCATTTTTAGTTATAATGATGCCTTATGTGATAGATGCCTCTTTAAAAT	276	0.14883359756689424	No Hit
CTTCACTTCAATTGCTGTTGCCAATGACTTCAGCTGACTTGGCGACAGTT	274	0.14775509323669936	No Hit
CTGAGACAGAGTCGCTATCGTTATGTCTCCTTCCCGCGGTCAAGGCGAAA	270	0.14559808457630957	No Hit
CAGAATTCAAGACGTTAACAGTTCTTGGCGCAAATAGCGCTGAATCGCTT	270	0.14559808457630957	No Hit
CGGCTGTCGAGTTGTACGGCCGTTCAGCCACGAGTCACGGGGTCTAACGC	269	0.14505883241121212	No Hit
GTCGGAAGATCCTGAATAAATCCTACTGTATCTGAAAGAAGAACACTGTA	269	0.14505883241121212	No Hit
CTCAAATTTCGCACTGACCATAATGTGATCCCTTCCGGCGGTCGGTATAA	264	0.1423625715857249	No Hit
CTGTGATCTACTAGCGCCAATCTATATTACTCACAATATCCTAAAAACGA	255	0.13750930209984794	No Hit
CCGGGACCTCTTGCCCCAATTCCTCCGCCTTGCCGGGAAAGGTTGATCCC	248	0.13373453694416582	No Hit
CCGCATAATCCTCATTTGAAGAATCAATTAAATGCAGAATTAAATCCGCT	247	0.1331952847790684	No Hit
CTCAAGCGTTGAGCGGAATGCAGCAATCAATGTCGTCGGAAGATCCTGAA	233	0.12564575446770418	No Hit
GTCAGCACTCGTCAGGCGGTTGAACCATGTTGATTTCCCTGCGTTTGTAT	225	0.12133173714692465	No Hit
CGCCAATCTATATTACTCACAATATCCTAAAAACGATCAGCCGGCAGGTT	225	0.12133173714692465	No Hit
CTCGTTCTCGCCCGCTTTGCAAAAATATCTAATATCAATTGCGTGCGGTC	220	0.11863547632143742	No Hit
CTCAGACGCTGCCCTAACTGCGCAGTTAATAATTCTGGCAATTCGTCTCC	215	0.11593921549595022	No Hit
ATCGGGTCCAGCGTGGCAAACAGGAGGTCTTCTTCATAGCTGTCAGCACT	215	0.11593921549595022	No Hit
GCCTCACTTAGTTACAGTTTTATGGATAATTGGGATATTCTTTGGTATAG	213	0.11486071116575533	No Hit
CAATGACTTCAGCTGACTTGGCGACAGTTCATCATTAAAGATGAGGAGAT	213	0.11486071116575533	No Hit
CTTCTTCATAGCTGTCAGCACTCGTCAGGCGGTTGAACCATGTTGATTTC	209	0.11270370250536556	No Hit
CTTTAAAATATCTAAGTGCTGGGGTTATGAGTAGGGATGAGCATAAACCA	207	0.11162519817517068	No Hit
GTAAAACGCAAGCACCGGCTGTCGAGTTGTACGGCCGTTCAGCCACGAGT	204	0.11000744167987833	No Hit
GGTCAATCATCTTCACTTCAATTGCTGTTGCCAATGACTTCAGCTGACTT	203	0.1094681895147809	No Hit
GTCCAGCGTGGCAAACAGGAGGTCTTCTTCATAGCTGTCAGCACTCGTCA	202	0.10892893734968347	No Hit
GTTATGAGTAGGGATGAGCATAAACCAACAACTCTCAAAGAAGATGGGAA	200	0.10785043301948856	No Hit
CTCACTTAGTTACAGTTTTATGGATAATTGGGATATTCTTTGGTATAGTT	194	0.10461492002890392	No Hit
CTCGGCAATAGGATTGTAGCCCAGGATGAGTCCCTCAGCGTGACGCAGTA	193	0.10407566786380647	No Hit
CTGCGATAGGCTAGTTCATAAACGAGGGGCGATGCCCGGGCTCAGAATCC	192	0.10353641569870901	No Hit
CTCTCGTTCTCGCCCGCTTTGCAAAAATATCTAATATCAATTGCGTGCGG	190	0.10245791136851415	No Hit
GGAAGATCCTGAATAAATCCTACTGTATCTGAAAGAAGAACACTGTAGCC	188	0.10137940703831924	No Hit
GTGCGGTCAATCATCTTCACTTCAATTGCTGTTGCCAATGACTTCAGCTG	187	0.10084015487322182	No Hit
>>END_MODULE
>>Kmer Content	warn
#Sequence	Count	Obs/Exp Overall	Obs/Exp Max	Max Obs/Exp Position
CAGCT	48090	2.7907622	5.0477996	3
CAGCA	41160	2.5578296	5.0252	1
TCAGC	43150	2.5040836	5.54994	2
GGCAG	39715	2.493396	7.101537	1
TTTTT	54445	2.4783654	5.2284436	2
TCCAG	42145	2.4457614	5.1873817	2
CTTCA	44950	2.44109	6.482665	1
CTTCT	45015	2.2828805	6.761662	1
CAATT	40270	2.218731	5.9045024	3
TCTTC	43100	2.1857636	5.208881	7
GGAAG	32820	2.0904713	5.2119756	1
CCTCA	35435	2.0311677	5.2698045	1
CTCCT	34450	1.8440571	6.157874	1
CTCAA	31565	1.8356423	9.573178	1
CTGAG	31190	1.8324753	5.2599726	1
CTGGG	30975	1.8160168	5.192472	1
TTGAT	34745	1.8098469	5.0816064	3
GTCAG	30440	1.7884113	6.221473	1
TTGAA	31715	1.7690595	5.167016	7
CCCAG	28540	1.7481605	5.6018143	1
CTCCA	30370	1.7408371	5.8767977	1
AAAAT	28565	1.7098358	5.085085	9
TTTGA	32000	1.6668614	6.300207	6
CTCAG	28375	1.64666	6.6200943	1
ATCTA	28780	1.5856736	6.2672367	6
TAAAA	26390	1.5796453	5.1138144	8
TTCAT	30015	1.5443053	6.865061	7
GCCTT	28210	1.5287727	5.7647424	1
GTTGA	27180	1.5129094	6.0550776	1
CAGAA	23995	1.5128154	7.6960187	2
CCGGG	24370	1.5080762	6.9104056	1
TCAAG	24295	1.4303881	7.488375	8
TTCAA	25850	1.4242413	10.313175	7
AATTC	25205	1.3887041	9.75785	5
ATTTC	26745	1.37606	5.1611423	5
CTTTG	26340	1.3523726	5.46161	1
TTTCA	25670	1.3207501	5.2105317	6
AGAAT	21020	1.2555634	7.9226503	3
GATAT	22325	1.2452862	5.0866995	5
CCAGA	19340	1.2018567	8.106126	1
TGATA	21535	1.2012202	6.2914443	7
CAATC	20135	1.170938	5.7012215	4
GATGT	20735	1.154164	5.343161	5
GATTT	21650	1.127736	5.3319316	4
CAAGA	17585	1.1086833	7.2926774	9
GTCGG	17625	1.0333267	7.2807484	1
GAATT	17645	0.9842363	8.309883	4
TAGTT	18480	0.9626125	5.225172	9
ATTCA	15155	0.8349855	9.731406	6
>>END_MODULE
