##FastQC	0.10.1
>>Basic Statistics	pass
#Measure	Value	
Filename	Sample-A_Rep2.R1.fastq.gz	
File type	Conventional base calls	
Encoding	Sanger / Illumina 1.9	
Total Sequences	144826	
Filtered Sequences	0	
Sequence length	100	
%GC	50	
>>END_MODULE
>>Per base sequence quality	pass
#Base	Mean	Median	Lower Quartile	Upper Quartile	10th Percentile	90th Percentile
1	32.911300457100246	34.0	31.0	34.0	31.0	34.0
2	33.098235123527544	34.0	33.0	34.0	31.0	34.0
3	33.165757529725326	34.0	33.0	34.0	31.0	34.0
4	36.48147432090923	37.0	37.0	37.0	35.0	37.0
5	36.417735765677435	37.0	37.0	37.0	35.0	37.0
6	36.389025451231134	37.0	37.0	37.0	35.0	37.0
7	36.39601314681065	37.0	37.0	37.0	35.0	37.0
8	36.39433527129107	37.0	37.0	37.0	35.0	37.0
9	38.222598152265476	39.0	39.0	39.0	37.0	39.0
10-14	38.50012566804303	39.4	39.2	39.4	37.0	39.4
15-19	39.687065858340354	41.0	40.0	41.0	37.0	41.0
20-24	39.5988165108475	41.0	39.6	41.0	37.0	41.0
25-29	39.416410036871824	41.0	39.0	41.0	36.4	41.0
30-34	39.1567080496596	40.2	38.8	41.0	35.6	41.0
35-39	38.779513347050944	40.0	38.0	41.0	35.0	41.0
40-44	38.63119191305429	40.0	38.0	41.0	35.0	41.0
45-49	38.4358816787041	40.0	37.2	41.0	34.4	41.0
50-54	37.93816856089377	39.6	35.8	41.0	34.0	41.0
55-59	37.31941087926201	38.6	35.0	41.0	33.0	41.0
60-64	36.5320715893555	36.8	35.0	40.0	32.6	41.0
65-69	35.73901095107232	35.4	35.0	39.0	31.8	41.0
70-74	35.03627525444326	35.0	34.4	37.2	31.0	40.0
75-79	33.84112106942124	34.8	33.2	35.6	29.6	38.6
80-84	33.940108820239466	35.0	34.0	35.2	30.6	37.0
85-89	33.49255106127353	35.0	34.0	35.0	30.0	36.0
90-94	33.10159363650173	35.0	33.8	35.0	29.6	35.6
95-99	32.65890240702636	35.0	33.0	35.0	29.0	35.0
100	32.34708546807894	35.0	33.0	35.0	29.0	35.0
>>END_MODULE
>>Per sequence quality scores	pass
#Quality	Count
5	1.0
6	1.0
7	1.0
8	5.0
9	12.0
10	10.0
11	17.0
12	20.0
13	24.0
14	36.0
15	34.0
16	49.0
17	63.0
18	84.0
19	93.0
20	106.0
21	133.0
22	161.0
23	188.0
24	260.0
25	331.0
26	508.0
27	671.0
28	965.0
29	1328.0
30	1694.0
31	2303.0
32	3025.0
33	4358.0
34	6687.0
35	11514.0
36	24457.0
37	41120.0
38	34249.0
39	10310.0
40	8.0
>>END_MODULE
>>Per base sequence content	fail
#Base	G	A	T	C
1	35.95159059474412	9.418395573997234	8.147302904564317	46.48271092669433
2	26.498494599895032	12.126066900533106	36.27945197911775	25.095986520454105
3	26.60779141866792	18.162484636736497	21.7799290182702	33.44979492632538
4	28.049690470926375	27.130776033606015	20.418555162502763	24.400978332964847
5	29.376631267866266	28.716528800077334	23.400494386367086	18.50634554568931
6	22.91025092179581	32.11232789692458	23.93354784361924	21.043873337660365
7	17.485120075124634	21.978097855357465	40.70194578321572	19.83483628630218
8	21.36909118528441	21.663237264027178	29.34832143399666	27.619350116691756
9	21.837239169762334	20.056481570988634	33.061052573432946	25.045226685816086
10-14	25.542236891165953	25.896040766160773	24.295223233397316	24.26649910927596
15-19	25.011600351324926	24.581420656358926	25.123875180219745	25.283103812096403
20-24	25.05033626558767	24.50333503652659	25.541132117161286	24.905196580724457
25-29	25.194647369947386	24.85548175051441	25.538370182149617	24.41150069738859
30-34	24.70454200212669	25.812216038556613	24.641155593608882	24.842086365707814
35-39	25.60203278416859	24.645436592876973	24.811705080579454	24.940825542374988
40-44	26.045323353541487	24.946073218897162	24.40100534434425	24.607598083217102
45-49	25.797163492743014	25.860687998011407	24.099125847568807	24.243022661676772
50-54	25.747448662532967	24.709927775399446	24.46494413986439	25.077679422203197
55-59	25.461450292074627	25.241324071644595	24.170245674119286	25.12697996216149
60-64	24.569759573557235	25.71554831314819	24.76295692762349	24.95173518567108
65-69	24.859344574719312	24.987363798317936	24.717377194072725	25.435914432890034
70-74	25.865735702724947	25.2364235959587	24.206213300484446	24.6916274008319
75-79	25.40800684959883	24.402386311850083	24.72732796597296	25.462278872578125
80-84	25.583637034039796	25.266149535368992	24.42996562738651	24.720247803204703
85-89	25.854923639296313	24.47367803250526	24.437220440004477	25.234177888193955
90-94	25.182771049397207	24.62872688605637	25.089417646002786	25.099084418543633
95-99	25.369271730964694	24.393201201997435	25.581112731450794	24.65641433558708
100	25.52027950782318	24.57915015259691	23.931476392360487	25.969093947219424
>>END_MODULE
>>Per base GC content	fail
#Base	%GC
1	82.43430152143844
2	51.594481120349144
3	60.05758634499331
4	52.45066880389122
5	47.88297681355558
6	43.95412425945617
7	37.31995636142681
8	48.98844130197617
9	46.88246585557842
10-14	49.80873600044191
15-19	50.294704163421336
20-24	49.95553284631213
25-29	49.60614806733597
30-34	49.54662836783451
35-39	50.54285832654357
40-44	50.65292143675859
45-49	50.040186154419786
50-54	50.82512808473617
55-59	50.588430254236116
60-64	49.52149475922831
65-69	50.29525900760934
70-74	50.55736310355685
75-79	50.87028572217696
80-84	50.3038848372445
85-89	51.089101527490264
90-94	50.28185546794084
95-99	50.02568606655176
100	51.489373455042596
>>END_MODULE
>>Per sequence GC content	warn
#GC Content	Count
0	0.0
1	0.0
2	0.0
3	0.0
4	0.0
5	0.0
6	0.0
7	0.0
8	0.0
9	0.0
10	0.0
11	0.0
12	0.0
13	0.0
14	0.5
15	2.0
16	2.5
17	1.5
18	1.5
19	6.5
20	11.0
21	16.0
22	22.5
23	26.5
24	48.0
25	73.0
26	85.0
27	114.0
28	167.5
29	408.0
30	714.0
31	919.5
32	1032.0
33	1157.5
34	1432.5
35	1834.5
36	2460.0
37	3193.0
38	3817.0
39	3627.0
40	2989.5
41	2822.5
42	2711.0
43	2831.0
44	3439.0
45	3873.0
46	4353.0
47	4943.0
48	5266.5
49	5310.5
50	5266.5
51	5869.0
52	7188.0
53	7621.5
54	6789.5
55	6225.5
56	5536.5
57	4958.5
58	4720.5
59	4321.0
60	3824.0
61	3348.0
62	3122.5
63	2951.0
64	2596.0
65	2171.0
66	1851.5
67	1549.0
68	1266.0
69	965.5
70	762.0
71	594.0
72	442.0
73	331.0
74	254.5
75	181.5
76	128.5
77	90.0
78	65.0
79	55.5
80	32.5
81	15.0
82	12.5
83	5.5
84	1.5
85	1.5
86	0.5
87	0.0
88	0.0
89	0.0
90	0.0
91	0.0
92	0.0
93	0.0
94	0.0
95	0.0
96	0.0
97	0.0
98	0.0
99	0.0
100	0.0
>>END_MODULE
>>Per base N content	pass
#Base	N-Count
1	0.15604932815930841
2	0.009666772540842115
3	0.0
4	0.06214353776255644
5	0.0
6	0.0
7	0.0
8	0.0
9	0.0
10-14	0.0
15-19	0.001933354508168423
20-24	0.0
25-29	0.0
30-34	0.0
35-39	0.0
40-44	0.0
45-49	0.0
50-54	0.0
55-59	0.0
60-64	0.0
65-69	0.0027619350116691753
70-74	8.285805035007526E-4
75-79	0.0
80-84	9.666772540842114E-4
85-89	1.3809675058345876E-4
90-94	0.0
95-99	2.761935011669175E-4
100	0.0
>>END_MODULE
>>Sequence Length Distribution	pass
#Length	Count
100	144826.0
>>END_MODULE
>>Sequence Duplication Levels	fail
#Total Duplicate Percentage	51.493516357560104
#Duplication Level	Relative count
1	100.0
2	8.095373665480427
3	2.126690391459075
4	0.9580071174377224
5	0.5822064056939502
6	0.36298932384341637
7	0.2846975088967972
8	0.2405693950177936
9	0.16512455516014235
10++	1.9131672597864768
>>END_MODULE
>>Overrepresented sequences	warn
#Sequence	Count	Percentage	Possible Source
CTTATGTGATAGATGCCTCTTTAAAATATCTAAGTGCTGGGGTTATGAGT	565	0.390123320398271	No Hit
CGGCTGTCGAGTTGTACGGCCGTTCAGCCACGAGTCACGGGGTCTAACGC	421	0.29069365997818075	No Hit
GCCTTATGTGATAGATGCCTCTTTAAAATATCTAAGTGCTGGGGTTATGA	414	0.2858602737077596	No Hit
CTTTGATATTCTCTGCATCCTATTTAGGGCTATTGATATTTAACAAATAT	404	0.2789554361785867	No Hit
CTGAGACAGAGTCGCTATCGTTATGTCTCCTTCCCGCGGTCAAGGCGAAA	384	0.26514576112024085	No Hit
GTAAAACGCAAGCACCGGCTGTCGAGTTGTACGGCCGTTCAGCCACGAGT	347	0.23959786226230095	No Hit
CGCTTTGATATTCTCTGCATCCTATTTAGGGCTATTGATATTTAACAAAT	344	0.2375264110035491	No Hit
CCGCTTTGATATTCTCTGCATCCTATTTAGGGCTATTGATATTTAACAAA	341	0.23545495974479722	No Hit
CTCAGACGCTGCCCTAACTGCGCAGTTAATAATTCTGGCAATTCGTCTCC	292	0.2016212558518498	No Hit
GGAAGCTATACTATATAGGTGGCTATCTATCCCTACCAAGGCTTATATTG	249	0.17193045447640615	No Hit
GCCTCACTTAGTTACAGTTTTATGGATAATTGGGATATTCTTTGGTATAG	238	0.16433513319431592	No Hit
CCCATTTTTAGTTATAATGATGCCTTATGTGATAGATGCCTCTTTAAAAT	234	0.16157319818264676	No Hit
GTTATGAGTAGGGATGAGCATAAACCAACAACTCTCAAAGAAGATGGGAA	224	0.15466836065347384	No Hit
GGGATAATTGCGCGGTTTTGACTGCGGAAGGAAGCCAAGGCCCACCTAAA	223	0.15397787690055653	No Hit
CTTTAAAATATCTAAGTGCTGGGGTTATGAGTAGGGATGAGCATAAACCA	222	0.15328739314763926	No Hit
GCCATTCGGACCTACCGTAAGCCTATATTTCGTTTTTCTGAGACCTATCC	221	0.15259690939472195	No Hit
GGGGTTATGAGTAGGGATGAGCATAAACCAACAACTCTCAAAGAAGATGG	219	0.15121594188888735	No Hit
GGACAACTGATGGACCCACGTTGCGAGTCCAGTAAATCAGGACGGGGATA	218	0.15052545813597004	No Hit
GTCTCCTTCCCGCGGTCAAGGCGAAACCGCAGCAAACTTCCTCAGACGCT	214	0.14776352312430088	No Hit
CCGGGATCGGGCAAAGGGGCAACTCGAGCTAATCTCCCCAGCGGCTAGCA	207	0.1429301368538798	No Hit
CTCACTTAGTTACAGTTTTATGGATAATTGGGATATTCTTTGGTATAGTT	203	0.14016820184221065	No Hit
CTCCTTCCCGCGGTCAAGGCGAAACCGCAGCAAACTTCCTCAGACGCTGC	203	0.14016820184221065	No Hit
CCGAGTTCAGTGCGACCGTACAGCTCTGGAACCCAAAGGTTCGTTTTTTT	197	0.1360252993247069	No Hit
CGGACAACTGATGGACCCACGTTGCGAGTCCAGTAAATCAGGACGGGGAT	193	0.13326336431303773	No Hit
CCCGTTTCAGGTGGTCCTCAGCGTACGGCGGGACCTCTGAGAATTGGGAT	193	0.13326336431303773	No Hit
CTTTGGTATAGTTGGGATTTTAATATCATTAATAGCATGATGGTGATTGT	190	0.13119191305428585	No Hit
AGGAGATGTTGGAACTCTACCAATTGGAGCTTTCTTAGCTGTCTTAGCAG	190	0.13119191305428585	No Hit
GCCTCTTTAAAATATCTAAGTGCTGGGGTTATGAGTAGGGATGAGCATAA	189	0.13050142930136854	No Hit
CGACGAACAACGAAGAGCGACGATGCCCGTTTCAGGTGGTCCTCAGCGTA	185	0.12773949428969936	No Hit
CTTACAAGTCCGCTCCTCGGGGAGCTTGATTGATAATTCTGTATAAGGTG	183	0.12635852678386478	No Hit
GTGTACACCGCCCTTAGACGTCTTGGTATACGGACAACTGATGGACCCAC	181	0.12497755927803018	No Hit
ATCACATCTAGGCATGGAATCTTATGCCAGCTAACGGAACAAGCTTTGTG	179	0.1235965917721956	No Hit
GCCCTAACTGCGCAGTTAATAATTCTGGCAATTCGTCTCCACACTAGAAG	178	0.1229061080192783	No Hit
CGCCAATCTATATTACTCACAATATCCTAAAAACGATCAGCCGGCAGGTT	176	0.12152514051344372	No Hit
GGGGATAATTGCGCGGTTTTGACTGCGGAAGGAAGCCAAGGCCCACCTAA	170	0.11738223799593996	No Hit
GGATAATTGCGCGGTTTTGACTGCGGAAGGAAGCCAAGGCCCACCTAAAG	169	0.11669175424302265	No Hit
CGGGGAACAGTCGCATGACGAGGCAGTTTCCAGAAACGTGTATCACATCT	160	0.11047740046676702	No Hit
CCCTGACCCCGGGGAACAGTCGCATGACGAGGCAGTTTCCAGAAACGTGT	158	0.10909643296093242	No Hit
CCTGACCCCGGGGAACAGTCGCATGACGAGGCAGTTTCCAGAAACGTGTA	158	0.10909643296093242	No Hit
CTGTGATCTACTAGCGCCAATCTATATTACTCACAATATCCTAAAAACGA	158	0.10909643296093242	No Hit
GGCAGTTTCCAGAAACGTGTATCACATCTAGGCATGGAATCTTATGCCAG	157	0.10840594920801515	No Hit
CCAGAATTCAAGACGTTAACAGTTCTTGGCGCAAATAGCGCTGAATCGCT	155	0.10702498170218055	No Hit
ATTTTTAGTTATAATGATGCCTTATGTGATAGATGCCTCTTTAAAATATC	154	0.10633449794926325	No Hit
CTATATTTCGTTTTTCTGAGACCTATCCGAGTTCAGTGCGACCGTACAGC	154	0.10633449794926325	No Hit
GGGATATTCTTTGGTATAGTTGGGATTTTAATATCATTAATAGCATGATG	152	0.10495353044342867	No Hit
GTGATAGATGCCTCTTTAAAATATCTAAGTGCTGGGGTTATGAGTAGGGA	152	0.10495353044342867	No Hit
GTCGAGACTGAAAAGCTATAACCCGCAGACCCGAGCGAAAGCGGCGGTCC	151	0.10426304669051137	No Hit
CGCATGACGAGGCAGTTTCCAGAAACGTGTATCACATCTAGGCATGGAAT	150	0.10357256293759408	No Hit
CTGGGGTTATGAGTAGGGATGAGCATAAACCAACAACTCTCAAAGAAGAT	148	0.1021915954317595	No Hit
CCTCACTTAGTTACAGTTTTATGGATAATTGGGATATTCTTTGGTATAGT	147	0.1015011116788422	No Hit
GGATATTCTTTGGTATAGTTGGGATTTTAATATCATTAATAGCATGATGG	146	0.1008106279259249	No Hit
GTCGAGTTGTACGGCCGTTCAGCCACGAGTCACGGGGTCTAACGCCTACC	146	0.1008106279259249	No Hit
GCCCGTTTCAGGTGGTCCTCAGCGTACGGCGGGACCTCTGAGAATTGGGA	145	0.1001201441730076	No Hit
>>END_MODULE
>>Kmer Content	warn
#Sequence	Count	Obs/Exp Overall	Obs/Exp Max	Max Obs/Exp Position
TTTTT	39290	2.9800997	6.557276	2
TCCAG	34480	2.5327766	5.077025	7
GGCAG	31750	2.253149	6.1781373	1
CTCCT	29725	2.195762	6.9994254	1
GGAAG	30020	2.1648562	5.06412	1
TTCTT	28470	2.1404634	5.2324557	6
CTGGG	29760	2.0966961	6.269127	1
GTTTT	28040	2.081234	5.033786	1
CTGAG	28290	2.0515642	6.6622095	1
CTCCA	27180	2.0223508	6.0482054	1
TCTTT	26810	2.0156593	5.376799	5
CCCAG	26145	1.9036617	6.2688365	1
CTCAG	25555	1.8771782	7.278294	1
GGGGA	26135	1.8310126	5.3916483	1
TGAGA	23645	1.7424632	6.016936	2
ATATT	22130	1.7030112	5.2818894	6
ATCTA	21800	1.6628922	7.139362	6
CTCAA	21645	1.6365782	5.1641674	1
CTTGG	22645	1.63035	5.1597366	1
TTATG	21080	1.5760033	6.5711255	2
TTTTA	20415	1.5597026	5.0604453	6
AATTC	20355	1.5526685	5.6016536	5
TTGAT	20385	1.524043	5.5653224	3
TAAAA	19330	1.5092293	5.212431	2
TTTGA	19905	1.4881568	5.1348143	2
CTTTG	19665	1.4467996	7.0066814	1
CTTAT	17035	1.2900487	5.42729	1
GAGAC	17215	1.257485	5.016537	3
AATCT	16325	1.2452623	5.1989202	5
CCGGG	17815	1.2441134	5.172823	1
TGCGC	17325	1.2363838	5.240692	9
TGATA	16335	1.2301252	8.132608	7
CTTTA	16115	1.2203778	5.208741	1
TCAGA	16345	1.2200754	5.3418307	2
TGTGA	16555	1.2111831	5.302428	5
GATGT	15875	1.1614336	5.478005	5
GCCTT	15470	1.1281745	5.3316584	1
GTGAT	15415	1.1277794	5.8993897	6
TAGTT	14805	1.1068656	6.710352	9
ATGTG	14945	1.0933937	5.2352695	4
GTCAG	15075	1.0932248	5.0576982	1
TTCAA	13085	0.99811673	5.015859	7
ATTCA	10465	0.79826456	5.4185925	6
TCGAG	8585	0.6225761	5.1166615	7
>>END_MODULE
