##FastQC	0.10.1
>>Basic Statistics	pass
#Measure	Value	
Filename	Sample-A_Rep3.R2.fastq.gz	
File type	Conventional base calls	
Encoding	Sanger / Illumina 1.9	
Total Sequences	129786	
Filtered Sequences	0	
Sequence length	100	
%GC	50	
>>END_MODULE
>>Per base sequence quality	pass
#Base	Mean	Median	Lower Quartile	Upper Quartile	10th Percentile	90th Percentile
1	32.69562972893841	34.0	31.0	34.0	31.0	34.0
2	32.81033393432266	34.0	31.0	34.0	31.0	34.0
3	32.826853435655615	34.0	31.0	34.0	31.0	34.0
4	36.20415915430016	37.0	37.0	37.0	35.0	37.0
5	36.18324010293868	37.0	37.0	37.0	35.0	37.0
6	36.191499853605166	37.0	37.0	37.0	35.0	37.0
7	36.2216263695622	37.0	37.0	37.0	35.0	37.0
8	36.219314872174195	37.0	37.0	37.0	35.0	37.0
9	38.01396144422357	39.0	39.0	39.0	35.0	39.0
10-14	38.245633581434056	39.4	38.8	39.4	35.2	39.4
15-19	39.37717011079777	41.0	39.0	41.0	36.0	41.0
20-24	39.24831183640763	41.0	39.0	41.0	36.0	41.0
25-29	39.05263587752146	40.6	39.0	41.0	35.6	41.0
30-34	38.79840814879879	40.0	38.0	41.0	35.0	41.0
35-39	38.49628927619312	40.0	38.0	41.0	34.2	41.0
40-44	38.05653922611067	40.0	37.4	41.0	33.0	41.0
45-49	37.96515802937143	40.0	37.0	41.0	33.2	41.0
50-54	36.79147673863129	38.6	34.8	40.0	31.8	40.6
55-59	37.04660903333179	38.6	35.0	41.0	32.8	41.0
60-64	36.26838487972508	36.6	35.0	39.8	32.0	41.0
65-69	35.46177091519887	35.2	35.0	38.8	31.2	41.0
70-74	34.78213520718721	35.0	34.0	37.2	31.0	40.4
75-79	34.12509361564422	35.0	34.0	36.0	30.0	39.0
80-84	33.476097576009735	35.0	34.0	35.0	29.4	37.0
85-89	32.94866780700538	35.0	33.0	35.0	29.0	36.0
90-94	32.484291063751094	35.0	33.0	35.0	28.2	35.6
95-99	31.941101505555302	35.0	33.0	35.0	26.8	35.0
100	31.562749449093122	35.0	33.0	35.0	25.0	35.0
>>END_MODULE
>>Per sequence quality scores	pass
#Quality	Count
2	53.0
3	21.0
4	21.0
5	24.0
6	20.0
7	27.0
8	32.0
9	57.0
10	31.0
11	64.0
12	96.0
13	77.0
14	100.0
15	96.0
16	110.0
17	114.0
18	155.0
19	167.0
20	176.0
21	226.0
22	227.0
23	308.0
24	395.0
25	506.0
26	722.0
27	787.0
28	1019.0
29	1419.0
30	1736.0
31	2346.0
32	2881.0
33	4125.0
34	6139.0
35	10159.0
36	22680.0
37	37556.0
38	25734.0
39	9375.0
40	5.0
>>END_MODULE
>>Per base sequence content	fail
#Base	G	A	T	C
1	29.43429082167293	14.410867287184862	12.328946557356838	43.82589533378536
2	24.870941395836223	21.710353967300016	32.98198573035612	20.436718906507636
3	22.59257547038972	23.46863298044473	27.992233368776294	25.946558180389257
4	25.982001140338713	31.882483472793677	20.27722558673509	21.85828980013253
5	27.858166520271833	31.833171528516175	19.739417194458568	20.569244756753424
6	21.689550490807946	35.424467970351195	20.442882899542322	22.443098639298537
7	20.17706069992141	17.428690305579956	37.353797790208496	25.040451204290136
8	21.23726750188772	22.088669039803985	26.102199004515125	30.571864453793168
9	23.56879786725841	20.94833032838673	28.711109056446766	26.771762747908095
10-14	25.297300296028958	25.463267598775204	22.782055806312922	26.457376298882917
15-19	25.77196307768172	24.83087544111075	24.376589154454255	25.02057232675327
20-24	25.27345014100134	25.064644876951288	24.284745658237405	25.377159323809966
25-29	25.42138597383385	25.032438013345043	24.17687578013037	25.36930023269074
30-34	25.577722027713396	24.793351496622122	24.29684032743232	25.332086148232165
35-39	25.39457260413296	24.166551091797267	24.514508498605398	25.92436780546438
40-44	25.420769574530382	24.457491563034534	24.866626600711943	25.255112261723145
45-49	25.711247746290045	24.456412864253462	24.829642642503813	25.002696746952672
50-54	24.742113941411244	24.537931672137212	25.149091581526513	25.57086280492503
55-59	24.743192640192316	24.636709660518083	25.243554774783107	25.376542924506495
60-64	24.879416886258916	24.686021604795584	25.005470543818287	25.42909096512721
65-69	24.80359977193226	24.717457969272495	25.111645323840786	25.367296934954464
70-74	24.595256807359807	24.43576348758726	24.901607261183795	26.067372443869136
75-79	24.51759049512274	25.103323933243953	25.070962969811845	25.30812260182146
80-84	25.072349868244647	24.91116145038756	24.96833248578429	25.0481561955835
85-89	24.839350931533446	25.162960565854558	24.849983819518286	25.147704683093707
90-94	24.671228021512338	25.192239532769328	24.78757339004207	25.348959055676268
95-99	24.71607107083969	25.427087667390936	24.735487648898957	25.12135361287042
100	25.751248227824693	24.38975528570548	24.73571472600629	25.123281760463538
>>END_MODULE
>>Per base GC content	fail
#Base	%GC
1	73.2601861554583
2	45.30766030234386
3	48.53913365077898
4	47.840290940471235
5	48.42741127702526
6	44.132649130106486
7	45.21751190421155
8	51.80913195568089
9	50.34056061516651
10-14	51.75467659491188
15-19	50.79253540443499
20-24	50.6506094648113
25-29	50.79068620652458
30-34	50.90980817594556
35-39	51.31894040959734
40-44	50.675881836253524
45-49	50.71394449324272
50-54	50.31297674633628
55-59	50.11973556469881
60-64	50.30850785138613
65-69	50.17089670688672
70-74	50.66262925122894
75-79	49.8257130969442
80-84	50.12050606382815
85-89	49.98705561462716
90-94	50.0201870771886
95-99	49.83742468371011
100	50.87452998828823
>>END_MODULE
>>Per sequence GC content	warn
#GC Content	Count
0	0.0
1	0.0
2	0.0
3	0.0
4	0.0
5	0.0
6	0.0
7	0.0
8	0.0
9	0.0
10	0.0
11	0.0
12	0.0
13	0.0
14	0.0
15	1.5
16	2.5
17	2.5
18	6.0
19	7.5
20	8.5
21	10.0
22	15.5
23	28.0
24	37.0
25	56.0
26	84.0
27	118.5
28	191.5
29	266.5
30	469.0
31	905.5
32	1161.5
33	1158.5
34	1488.0
35	2017.0
36	2319.0
37	2682.0
38	3187.0
39	3145.0
40	3177.5
41	2896.0
42	2265.0
43	2443.0
44	2955.0
45	3303.5
46	3723.5
47	4208.0
48	4473.5
49	4598.5
50	4596.0
51	4916.5
52	5656.5
53	6128.0
54	6149.0
55	5682.0
56	5202.5
57	4923.0
58	4752.0
59	4336.5
60	3586.0
61	3024.5
62	2710.5
63	2585.0
64	2247.0
65	1894.5
66	1621.5
67	1360.0
68	1102.5
69	865.5
70	708.0
71	607.0
72	476.0
73	358.0
74	260.0
75	173.5
76	124.5
77	102.5
78	88.0
79	61.0
80	33.0
81	20.0
82	11.0
83	6.5
84	4.5
85	1.5
86	0.5
87	0.0
88	0.0
89	0.0
90	0.0
91	0.0
92	0.0
93	0.0
94	0.0
95	0.0
96	0.0
97	0.0
98	0.0
99	0.0
100	0.0
>>END_MODULE
>>Per base N content	pass
#Base	N-Count
1	0.0015409982586719675
2	0.0
3	0.0
4	0.0
5	0.0
6	0.0
7	0.0
8	0.0
9	0.0
10-14	0.0010786987810703773
15-19	0.0
20-24	0.0
25-29	0.0
30-34	3.0819965173439355E-4
35-39	0.0
40-44	0.0
45-49	0.0
50-54	0.0
55-59	0.0
60-64	0.0
65-69	0.0
70-74	0.0
75-79	0.0
80-84	0.0
85-89	0.0
90-94	0.0
95-99	0.0
100	0.0015409982586719675
>>END_MODULE
>>Sequence Length Distribution	pass
#Length	Count
100	129786.0
>>END_MODULE
>>Sequence Duplication Levels	fail
#Total Duplicate Percentage	50.70812143627678
#Duplication Level	Relative count
1	100.0
2	7.128229979209329
3	1.6194838286098387
4	0.9097872473464539
5	0.5236747901392819
6	0.39549170717981585
7	0.2954463741382814
8	0.23448124931609635
9	0.19696424942552093
10++	2.1931812852698878
>>END_MODULE
>>Overrepresented sequences	warn
#Sequence	Count	Percentage	Possible Source
CTTCAATATAAGCCTTGGTAGGGATAGATAGCCACCTATATAGTATAGCT	550	0.4237745211347911	No Hit
CCTAACTTAATGGACGGGAGGTATCCCAATAGGAGGTTTCCTCCTATGGT	297	0.2288382414127872	No Hit
CTTAGATATTTTAAAGAGGCATCTATCACATAAGGCATCATTATAACTAA	291	0.2242152466367713	No Hit
CTCGTAACCAAACATGCACAGCGGTCAAACAGTATGTCCCAAGGGGACTT	266	0.2049527684033717	No Hit
CCCTAACTTAATGGACGGGAGGTATCCCAATAGGAGGTTTCCTCCTATGG	253	0.19493627972200392	No Hit
CTTCCATTTCCGCCCAAGCTGCTCACAGTATACGGGCGTCGGCATCCAGA	245	0.18877228668731605	No Hit
CCCAATTATCCATAAAACTGTAACTAAGTGAGGCTCTCTCATTGGTTTAT	237	0.18260829365262818	No Hit
CTAACTTAATGGACGGGAGGTATCCCAATAGGAGGTTTCCTCCTATGGTT	225	0.17336230410059636	No Hit
CTCTCATTGGTTTATACTTCAATATAAGCCTTGGTAGGGATAGATAGCCA	220	0.16950980845391644	No Hit
CGAATAGCTCGTAACCAAACATGCACAGCGGTCAAACAGTATGTCCCAAG	202	0.15564082412586874	No Hit
CTGAACTCGGATAGGTCTCAGAAAAACGAAATATAGGCTTACGGTAGGTC	189	0.14562433544450096	No Hit
CATTAATTAGGGCTGAAAGCCCTAACTTAATGGACGGGAGGTATCCCAAT	182	0.14023084153914905	No Hit
AAAAAAACGAACCTTTGGGTTCCAGAGCTGTACGGTCGCACTGAACTCGG	179	0.1379193441511411	No Hit
CCTGAAACGGGCATCGTCGCTCTTCGTTGTTCGTCGACTTCTAGTGTGGA	179	0.1379193441511411	No Hit
CTGAGGACCACCTGAAACGGGCATCGTCGCTCTTCGTTGTTCGTCGACTT	178	0.13714884502180513	No Hit
CTTCACTGCCCCCTTTCAGCCTTTTGGGTCCTGTATCCCAATTCTCAGAG	178	0.13714884502180513	No Hit
GGCTGAAAGCCCTAACTTAATGGACGGGAGGTATCCCAATAGGAGGTTTC	178	0.13714884502180513	No Hit
GGGATAGATAGCCACCTATATAGTATAGCTTCCCATCTTCTTTGAGAGTT	171	0.13175535111645323	No Hit
GCTGCTCACAGTATACGGGCGTCGGCATCCAGACCGTCGGCTGATCGTGG	170	0.13098485198711726	No Hit
CGGGCGTCGGCATCCAGACCGTCGGCTGATCGTGGTTTTACTAGGCTAGA	170	0.13098485198711726	No Hit
CGTGGTTTTACTAGGCTAGACTAGCGTACGAGCACTATGGTCAGTAATTC	157	0.12096836330574946	No Hit
GTCGCACTGAACTCGGATAGGTCTCAGAAAAACGAAATATAGGCTTACGG	153	0.11788636678840554	No Hit
GCTGAAAGCCCTAACTTAATGGACGGGAGGTATCCCAATAGGAGGTTTCC	149	0.11480437027106159	No Hit
CAATTATCCATAAAACTGTAACTAAGTGAGGCTCTCTCATTGGTTTATAC	148	0.11403387114172561	No Hit
GACGAATTGCCAGAATTATTAACTGCGCAGTTAGGGCAGCGTCTGAGGAA	146	0.11249287288305364	No Hit
CTCTCTCATTGGTTTATACTTCAATATAAGCCTTGGTAGGGATAGATAGC	142	0.1094108763657097	No Hit
CTGTAACTAAGTGAGGCTCTCTCATTGGTTTATACTTCAATATAAGCCTT	140	0.10786987810703773	No Hit
CTAGCGTACGAGCACTATGGTCAGTAATTCCTGGAGGAATAGGTACCAAG	139	0.10709937897770176	No Hit
CTTATACAGAATTATCAATCAAGCTCCCCGAGGAGCGGACTTGTAAGGAC	138	0.10632887984836578	No Hit
AAAGAATATCCCAATTATCCATAAAACTGTAACTAAGTGAGGCTCTCTCA	137	0.10555838071902979	No Hit
GGCCGATTGTCGCAGCCCGGGTCGATTATAACAACGGTGCAATCTCAGCT	137	0.10555838071902979	No Hit
TATAGATTGGCGCTAGTAGATCACAGAACAACCGCCGCATACGGCCGATT	133	0.10247638420168585	No Hit
ATTAGGGCTGAAAGCCCTAACTTAATGGACGGGAGGTATCCCAATAGGAG	132	0.10170588507234987	No Hit
>>END_MODULE
>>Kmer Content	warn
#Sequence	Count	Obs/Exp Overall	Obs/Exp Max	Max Obs/Exp Position
AAAAA	35285	3.014889	7.587406	2
CCTGG	29365	2.3485305	5.5664024	1
CTGGA	28415	2.3371716	5.2114344	1
AAAAC	25585	2.1256413	6.0217385	4
CTCAG	25375	2.0443044	6.419304	1
GGAAG	23135	1.9338866	5.055597	1
GAAAA	22625	1.9190955	6.06645	2
CCCAA	24090	1.8922917	6.1458116	1
CTGAA	21370	1.7706008	6.2836733	1
ATTAT	20290	1.7575903	5.238977	5
ATATA	19120	1.6486889	7.3259587	6
CTTGG	18865	1.5587789	5.3939505	1
AATAT	18020	1.5538374	8.857372	5
ATTGG	18245	1.5504158	6.3223186	6
CTTCA	18905	1.5412542	9.7439995	1
TATCC	18655	1.5208724	5.4002886	7
TTCAA	17900	1.5008152	8.733217	2
TAGAT	17010	1.4560688	5.6701827	3
GAATT	16520	1.4141245	5.464741	4
TCCAT	17175	1.4002137	5.987277	7
TATAA	16165	1.3938836	8.19514	7
AATTG	15460	1.3233875	5.7523584	5
ATCCA	15385	1.2485623	5.0250783	6
TAACT	14840	1.2442513	5.8758054	4
ATAAG	14275	1.2163789	6.503498	8
CAATA	11860	0.98986065	5.6887665	4
TCAAT	10080	0.8451518	5.9160504	3
TAAGC	10075	0.8347592	5.5282545	9
>>END_MODULE
