##FastQC	0.10.1
>>Basic Statistics	pass
#Measure	Value	
Filename	Trimmed_Sample-A_Rep2.R1.fastq.gz	
File type	Conventional base calls	
Encoding	Sanger / Illumina 1.9	
Total Sequences	136776	
Filtered Sequences	0	
Sequence length	90	
%GC	50	
>>END_MODULE
>>Per base sequence quality	pass
#Base	Mean	Median	Lower Quartile	Upper Quartile	10th Percentile	90th Percentile
1	38.383349418026555	39.0	39.0	39.0	37.0	39.0
2	38.36214686787156	39.0	39.0	39.0	37.0	39.0
3	38.356502602795814	39.0	39.0	39.0	37.0	39.0
4	39.95986869041352	41.0	40.0	41.0	38.0	41.0
5	39.948104930689595	41.0	40.0	41.0	38.0	41.0
6	39.93947768614377	41.0	40.0	41.0	38.0	41.0
7	39.89539831549395	41.0	40.0	41.0	38.0	41.0
8	39.87270427560391	41.0	40.0	41.0	38.0	41.0
9	39.92737761010704	41.0	40.0	41.0	38.0	41.0
10-14	39.84414663391239	41.0	40.0	41.0	38.0	41.0
15-19	39.69175001462245	41.0	39.8	41.0	37.2	41.0
20-24	39.46218927297187	40.6	39.0	41.0	36.6	41.0
25-29	39.12587442241329	40.0	38.4	41.0	35.4	41.0
30-34	38.99213458501491	40.0	38.0	41.0	35.0	41.0
35-39	38.8139819851436	40.0	37.8	41.0	35.0	41.0
40-44	38.3438381002515	39.8	36.4	41.0	34.8	41.0
45-49	37.750884658127156	38.8	35.0	41.0	34.0	41.0
50-54	36.98857401883371	37.0	35.0	40.2	33.4	41.0
55-59	36.231944200736976	35.6	35.0	39.2	33.0	41.0
60-64	35.56520295958355	35.0	35.0	37.6	32.6	40.0
65-69	34.41355208516114	34.8	33.6	36.0	31.0	38.6
70-74	34.539451365736674	35.0	34.0	35.4	32.0	37.0
75-79	34.15949435573492	35.0	34.0	35.0	31.2	36.2
80-84	33.89359829209803	35.0	34.0	35.0	31.0	35.6
85-89	33.755189506931046	35.0	34.0	35.0	31.0	35.0
90	33.71756009826285	35.0	34.0	35.0	31.0	35.0
>>END_MODULE
>>Per sequence quality scores	pass
#Quality	Count
24	1.0
25	8.0
26	45.0
27	114.0
28	280.0
29	559.0
30	973.0
31	1580.0
32	2432.0
33	3701.0
34	6167.0
35	10667.0
36	21580.0
37	36759.0
38	33787.0
39	17577.0
40	546.0
>>END_MODULE
>>Per base sequence content	pass
#Base	G	A	T	C
1	28.186962625021934	24.875709188746566	20.41074457507165	26.526583611159854
2	27.177282564192552	20.857460373164884	26.853395332514474	25.111861730128094
3	23.713955664736503	24.05977656898871	25.866380066678364	26.359887699596417
4	24.4882143066035	25.36409896473065	26.033075978241797	24.114610750424053
5	24.763116336199335	24.598613791893314	25.7801076212201	24.858162250687254
6	24.458969409837984	24.14531789202784	25.181318359946193	26.214394338187986
7	24.573935295192832	25.723999268872234	24.790349113507585	24.911716322427342
8	25.001462373139134	24.02459711620017	26.413383638969318	24.56055687169138
9	25.59367140433994	24.654910218166933	24.265953091185587	25.48546528630754
10-14	24.900713575481078	24.555916242615663	25.686231502602798	24.857138679300462
15-19	25.015938468737204	24.96388255249459	25.721032929753758	24.299146049014446
20-24	24.56030297713049	25.89328537170264	24.785781131192607	24.760630519974264
25-29	25.42463590103527	24.72963092940282	24.98201438848921	24.863718781072702
30-34	25.91404924840615	25.00774989764286	24.542609814587355	24.53559103936363
35-39	25.616043750365563	25.976779551968182	24.228227174358075	24.178949523308184
40-44	25.5955723226297	24.789582967772123	24.61265134234076	25.002193367257412
45-49	25.29566590629935	25.332660700707727	24.313768497397202	25.05790489559572
50-54	24.381909106860853	25.82265894601392	24.886383576065978	24.90904837105925
55-59	24.665943328078892	25.114715455951895	24.869638203975633	25.34970301199358
60-64	25.656585448595436	25.336060911360054	24.36030350398243	24.64705013606208
65-69	25.220652746095805	24.489530326957944	24.880534596712874	25.409282330233374
70-74	25.41769145958782	25.341362055805277	24.60541207642299	24.635534408183915
75-79	25.644703749195763	24.590571445282798	24.605925016084694	25.158799789436742
80-84	24.944873369597005	24.714716032052404	25.278557641691524	25.061852956659063
85-89	25.024894754773868	24.53211752371399	25.836880500790343	24.606107220721796
90	25.33485406796514	24.654179095747793	24.023220448031818	25.98774638825525
>>END_MODULE
>>Per base GC content	pass
#Base	%GC
1	54.713546236181784
2	52.28914429432064
3	50.07384336433292
4	48.60282505702755
5	49.62127858688659
6	50.67336374802597
7	49.48565161762018
8	49.562019244830516
9	51.07913669064749
10-14	49.75785225478154
15-19	49.31508451775165
20-24	49.32093349710476
25-29	50.28835468210797
30-34	50.44964028776978
35-39	49.79499327367375
40-44	50.59776568988712
45-49	50.35357080189507
50-54	49.2909574779201
55-59	50.01564634007247
60-64	50.30363558465753
65-69	50.62993507632918
70-74	50.05322586777174
75-79	50.80350353863251
80-84	50.00672632625607
85-89	49.631001975495664
90	51.32260045622039
>>END_MODULE
>>Per sequence GC content	warn
#GC Content	Count
0	0.0
1	0.0
2	0.0
3	0.0
4	0.0
5	0.0
6	0.0
7	0.0
8	0.0
9	0.0
10	0.0
11	0.0
12	0.0
13	0.5
14	1.5
15	2.5
16	2.5
17	4.0
18	9.5
19	13.5
20	14.0
21	22.0
22	40.0
23	63.5
24	62.5
25	85.5
26	161.0
27	430.0
28	671.0
29	812.5
30	944.0
31	878.5
32	1049.5
33	1429.5
34	1967.5
35	2402.0
36	2750.5
37	3715.5
38	4022.0
39	3575.0
40	3478.0
41	3206.5
42	3070.0
43	3519.5
44	4079.5
45	4441.5
46	4657.0
47	5324.5
48	6080.0
49	5775.0
50	5283.0
51	6176.5
52	7351.5
53	7090.0
54	6276.0
55	5708.5
56	5289.0
57	4612.0
58	4388.5
59	4234.5
60	3750.0
61	3655.0
62	3295.0
63	2901.0
64	2419.0
65	1988.0
66	1720.5
67	1352.5
68	1054.0
69	812.0
70	690.0
71	622.5
72	468.0
73	326.5
74	242.5
75	168.5
76	105.5
77	74.0
78	51.5
79	30.5
80	19.0
81	16.5
82	11.5
83	6.5
84	2.0
85	0.5
86	0.5
87	0.0
88	0.0
89	0.0
90	0.0
91	0.0
92	0.0
93	0.0
94	0.0
95	0.0
96	0.0
97	0.0
98	0.0
99	0.0
100	0.0
>>END_MODULE
>>Per base N content	pass
#Base	N-Count
1	0.0
2	0.0
3	0.0
4	0.0
5	0.0
6	0.0
7	7.311224191378604E-4
8	0.008773469029654327
9	0.0
10-14	0.0
15-19	0.0
20-24	0.0
25-29	0.0
30-34	0.0
35-39	0.0
40-44	0.0
45-49	0.0
50-54	0.0
55-59	0.002047142773586009
60-64	1.4622448382757208E-4
65-69	0.0
70-74	2.9244896765514417E-4
75-79	0.0
80-84	0.0
85-89	1.4622448382757208E-4
90	0.0
>>END_MODULE
>>Sequence Length Distribution	pass
#Length	Count
90	136776.0
>>END_MODULE
>>Sequence Duplication Levels	fail
#Total Duplicate Percentage	54.12133707668012
#Duplication Level	Relative count
1	100.0
2	8.160826122292871
3	2.1768577393188955
4	0.9338496597663782
5	0.6103488390623257
6	0.40955522621153445
7	0.2725056174403595
8	0.25497601631846506
9	0.18167041162690634
10++	2.1688897388089434
>>END_MODULE
>>Overrepresented sequences	warn
#Sequence	Count	Percentage	Possible Source
AGATGCCTCTTTAAAATATCTAAGTGCTGGGGTTATGAGTAGGGATGAGC	586	0.4284377376147862	No Hit
ATAGATGCCTCTTTAAAATATCTAAGTGCTGGGGTTATGAGTAGGGATGA	439	0.32096274200152075	No Hit
GTTGTACGGCCGTTCAGCCACGAGTCACGGGGTCTAACGCCTACCAGTAC	407	0.2975668245891092	No Hit
CTCTGCATCCTATTTAGGGCTATTGATATTTAACAAATATCCAGCAAAGG	406	0.29683570216997135	No Hit
GTCGCTATCGTTATGTCTCCTTCCCGCGGTCAAGGCGAAACCGCAGCAAA	374	0.2734397847575598	No Hit
ATTCTCTGCATCCTATTTAGGGCTATTGATATTTAACAAATATCCAGCAA	338	0.24711937766859682	No Hit
TTCTCTGCATCCTATTTAGGGCTATTGATATTTAACAAATATCCAGCAAA	337	0.24638825524945898	No Hit
AGCACCGGCTGTCGAGTTGTACGGCCGTTCAGCCACGAGTCACGGGGTCT	322	0.23542141896239105	No Hit
CTATATAGGTGGCTATCTATCCCTACCAAGGCTTATATTGAAGTATAAAC	273	0.19959642042463593	No Hit
GCCCTAACTGCGCAGTTAATAATTCTGGCAATTCGTCTCCACACTAGAAG	262	0.19155407381411943	No Hit
GTTACAGTTTTATGGATAATTGGGATATTCTTTGGTATAGTTGGGATTTT	248	0.1813183599461894	No Hit
CGCGGTCAAGGCGAAACCGCAGCAAACTTCCTCAGACGCTGCCCTAACTG	240	0.1754693805930865	No Hit
GTTATAATGATGCCTTATGTGATAGATGCCTCTTTAAAATATCTAAGTGC	240	0.1754693805930865	No Hit
CCTACCGTAAGCCTATATTTCGTTTTTCTGAGACCTATCCGAGTTCAGTG	232	0.16962040123998362	No Hit
AATATCTAAGTGCTGGGGTTATGAGTAGGGATGAGCATAAACCAACAACT	227	0.1659647891442943	No Hit
TCTAAGTGCTGGGGTTATGAGTAGGGATGAGCATAAACCAACAACTCTCA	224	0.16377142188688074	No Hit
CGCGGTTTTGACTGCGGAAGGAAGCCAAGGCCCACCTAAAGTATGCTGCA	223	0.16304029946774287	No Hit
GTAGGGATGAGCATAAACCAACAACTCTCAAAGAAGATGGGAAGCTATAC	220	0.1608469322103293	No Hit
GGGATGAGCATAAACCAACAACTCTCAAAGAAGATGGGAAGCTATACTAT	215	0.15719132011464	No Hit
TGGACCCACGTTGCGAGTCCAGTAAATCAGGACGGGGATAATTGCGCGGT	213	0.15572907527636426	No Hit
GGAACTCTACCAATTGGAGCTTTCTTAGCTGTCTTAGCAGTAGTTTATAA	210	0.1535357080189507	No Hit
TACAGTTTTATGGATAATTGGGATATTCTTTGGTATAGTTGGGATTTTAA	208	0.15207346318067497	No Hit
CGGTCAAGGCGAAACCGCAGCAAACTTCCTCAGACGCTGCCCTAACTGCG	207	0.15134234076153713	No Hit
GCAAAGGGGCAACTCGAGCTAATCTCCCCAGCGGCTAGCATGTGTAGTGC	207	0.15134234076153713	No Hit
TATTACTCACAATATCCTAAAAACGATCAGCCGGCAGGTTCATTTTAAAC	193	0.14110662689360706	No Hit
CGAAGAGCGACGATGCCCGTTTCAGGTGGTCCTCAGCGTACGGCGGGACC	193	0.14110662689360706	No Hit
ATATTCTCTGCATCCTATTTAGGGCTATTGATATTTAACAAATATCCAGC	190	0.13891325963619347	No Hit
GTTGGGATTTTAATATCATTAATAGCATGATGGTGATTGTTTTGAAAACC	190	0.13891325963619347	No Hit
GGCATGGAATCTTATGCCAGCTAACGGAACAAGCTTTGTGCCATTCGGAC	182	0.1330642802830906	No Hit
CGCTCCTCGGGGAGCTTGATTGATAATTCTGTATAAGGTGATCGCAGGTT	181	0.13233315786395275	No Hit
ATGGACCCACGTTGCGAGTCCAGTAAATCAGGACGGGGATAATTGCGCGG	180	0.13160203544481489	No Hit
CGCAGTTAATAATTCTGGCAATTCGTCTCCACACTAGAAGTCGACGAACA	178	0.13013979060653916	No Hit
TATTCTCTGCATCCTATTTAGGGCTATTGATATTTAACAAATATCCAGCA	177	0.1294086681874013	No Hit
CCCTTAGACGTCTTGGTATACGGACAACTGATGGACCCACGTTGCGAGTC	175	0.12794642334912557	No Hit
GCGCGGTTTTGACTGCGGAAGGAAGCCAAGGCCCACCTAAAGTATGCTGC	169	0.12355968883429841	No Hit
GCGGTTTTGACTGCGGAAGGAAGCCAAGGCCCACCTAAAGTATGCTGCAA	169	0.12355968883429841	No Hit
GGGAACAGTCGCATGACGAGGCAGTTTCCAGAAACGTGTATCACATCTAG	166	0.12136632157688483	No Hit
GTGGTCCTCAGCGTACGGCGGGACCTCTGAGAATTGGGATACAGGACCCA	165	0.12063519915774697	No Hit
TCGCATGACGAGGCAGTTTCCAGAAACGTGTATCACATCTAGGCATGGAA	160	0.11697958706205766	No Hit
TTGGTATAGTTGGGATTTTAATATCATTAATAGCATGATGGTGATTGTTT	160	0.11697958706205766	No Hit
GGGGAACAGTCGCATGACGAGGCAGTTTCCAGAAACGTGTATCACATCTA	160	0.11697958706205766	No Hit
TGGTATAGTTGGGATTTTAATATCATTAATAGCATGATGGTGATTGTTTT	159	0.1162484646429198	No Hit
AGAAACGTGTATCACATCTAGGCATGGAATCTTATGCCAGCTAACGGAAC	158	0.11551734222378196	No Hit
GAGTAGGGATGAGCATAAACCAACAACTCTCAAAGAAGATGGGAAGCTAT	157	0.1147862198046441	No Hit
TTACAGTTTTATGGATAATTGGGATATTCTTTGGTATAGTTGGGATTTTA	157	0.1147862198046441	No Hit
CTAGCGCCAATCTATATTACTCACAATATCCTAAAAACGATCAGCCGGCA	154	0.1125928525472305	No Hit
ATAATGATGCCTTATGTGATAGATGCCTCTTTAAAATATCTAAGTGCTGG	153	0.11186173012809265	No Hit
ACCTACCGTAAGCCTATATTTCGTTTTTCTGAGACCTATCCGAGTTCAGT	152	0.11113060770895479	No Hit
AGACGTTAACAGTTCTTGGCGCAAATAGCGCTGAATCGCTTCTTTAAAGG	151	0.11039948528981693	No Hit
TTTTTCTGAGACCTATCCGAGTTCAGTGCGACCGTACAGCTCTGGAACCC	151	0.11039948528981693	No Hit
CCTCTTTAAAATATCTAAGTGCTGGGGTTATGAGTAGGGATGAGCATAAA	150	0.10966836287067906	No Hit
GGCAGTTTCCAGAAACGTGTATCACATCTAGGCATGGAATCTTATGCCAG	150	0.10966836287067906	No Hit
TGCGACCGTACAGCTCTGGAACCCAAAGGTTCGTTTTTTTCTTGGTACCT	150	0.10966836287067906	No Hit
GGTGGTCCTCAGCGTACGGCGGGACCTCTGAGAATTGGGATACAGGACCC	148	0.10820611803240335	No Hit
ACGGCCGTTCAGCCACGAGTCACGGGGTCTAACGCCTACCAGTACTGATT	144	0.10528162835585189	No Hit
CTGAGATTGCACCGTTGTTATAATCGACCCGGGCTGCGACAATCGGCCGT	143	0.10455050593671406	No Hit
AAATATCTAAGTGCTGGGGTTATGAGTAGGGATGAGCATAAACCAACAAC	143	0.10455050593671406	No Hit
GTCGCATGACGAGGCAGTTTCCAGAAACGTGTATCACATCTAGGCATGGA	140	0.10235713867930045	No Hit
AAAAGCTATAACCCGCAGACCCGAGCGAAAGCGGCGGTCCTTACAAGTCC	139	0.10162601626016261	No Hit
CAGCAAATACCAGCGGCCCTGACCCCGGGGAACAGTCGCATGACGAGGCA	139	0.10162601626016261	No Hit
TTTTAAACGCGGTGACTAGGATGCTCATTTGAATGTCCCCAATTCGCGTC	138	0.10089489384102475	No Hit
>>END_MODULE
>>Kmer Content	warn
#Sequence	Count	Obs/Exp Overall	Obs/Exp Max	Max Obs/Exp Position
TCTTT	21920	1.9519677	6.0893326	8
CTCTG	21940	1.925331	5.094986	4
ATGCC	21660	1.8942703	5.4151073	3
AGATG	21230	1.8236624	5.429663	1
CTGCA	20765	1.8159984	5.678342	3
CCTCT	19945	1.7759322	6.2802463	6
GATGC	20010	1.7246739	5.262708	2
GCCTC	18990	1.6663793	5.88727	5
TCTGC	18165	1.5940583	5.094986	5
TGCCT	18160	1.5936195	5.7743177	4
CTCTT	16330	1.454114	6.203942	7
CTTTA	12535	1.112426	5.4950337	9
>>END_MODULE
